2.977312042366677E-4
6.343774697874749E-5
9.87463478691081E-5
3.9340502566441763E-4
6.211262897952569E-4
8.0026970701073E-4
5.118268592492933E-5
3.1876549484833796E-7
1.1071359114751364E-7
9.507025964285325E-5
3.163967894015168E-4
4.768239404705395E-8
2.7155681693369983E-4
2.015182666140287E-6
5.714565256384075E-4
8.883940230682285E-5
4.371353043445446E-5
6.194654111990281E-6
2.148006049969217E-4
4.480293262748245E-5
1.0853192767109463E-4
4.1654052490328476E-4
2.521489455420655E-4
3.425282439822158E-4
6.214114533358229E-5
8.023794745292248E-5
2.0996557061779026E-5
4.322469099883138E-4
7.590127190733007E-4
4.4452499648337684E-4
2.0968120401728795E-4
3.394716148903136E-4
3.102019704051814E-4
1.0615405213374853E-6
8.03499128458062E-4
3.916868869085107E-6
1.5718154643509414E-4
0.0
1.778667804154693E-4
9.490699482719045E-5
5.094826370524088E-7
8.262054164743482E-5
5.839359045885105E-4
5.93269265963627E-4
1.9008462597870866E-5
4.233095838489725E-5
5.600035252121145E-4
3.6241065600705317E-4
1.2111824988887024E-4
2.683710760773497E-4
3.2746770830995356E-4
8.726370184019846E-5
3.434898607664717E-5
7.317430869382031E-7
9.71117517034654E-7
4.489483717520969E-5
8.256119702641676E-5
2.554237927170352E-4
8.553033583683324E-5
2.977566416085226E-4
3.0365294856775604E-5
0.0010917384589356049
7.183119103377815E-5
0.001028319609623291
7.319824668237501E-4
2.0738139437363785E-6
1.130739768896481E-6
1.7338302463613272E-4
9.14390033263279E-6
2.1330322454675267E-4
2.351523210788731E-4
9.88549718538034E-4
8.624386038757863E-5
3.8886829308646287E-4
1.4253110753263695E-4
4.98428416792734E-4
0.0010253588424528888
4.070464978506001E-7
0.0010588568668936107
3.343394315147323E-4
6.528335097700618E-4
1.4651490080200382E-5
8.930456172569069E-5
1.2589049646583486E-5
4.057851102417877E-6
9.809134835427295E-6
8.713346683517742E-4
1.7955336858445814E-5
7.437909069975055E-5
5.471849435020246E-4
6.667078923581171E-5
4.114566636110875E-4
1.0634406659875148E-5
2.549765053999173E-4
0.001134814461070771
1.324038415153686E-5
2.352787671889855E-4
5.382325184333282E-5
4.7950965058547246E-4
1.8648414269019562E-4
3.5132452170749803E-4
6.916050530667152E-4
6.109649045931501E-4
4.894431077755598E-4
2.000705324506195E-6
1.3094409821202765E-4
7.936134668141862E-8
3.761759402439401E-5
1.704753277418899E-4
2.47139594331413E-4
2.8536269798574033E-4
6.636898088032468E-5
7.33642810142092E-5
8.642796445099612E-4
6.485098046718939E-4
7.167587948674666E-4
9.599273429459195E-5
7.284245576650303E-5
6.418025066470836E-5
2.155543793105253E-4
3.4753710460047376E-7
4.935403338265712E-4
8.217202988749719E-5
6.268472973533254E-5
2.1643210700456095E-5
7.302615809827845E-4
0.0011780261991305196
7.882217347989182E-7
4.618455518252975E-5
6.514832296909379E-4
1.678509149965487E-7
2.0005697547387976E-4
8.374509022688455E-8
9.746974059044159E-4
7.249729150313222E-4
1.0736982533413274E-5
4.706979108007513E-8
1.3564662415269238E-6
8.515684893964088E-6
0.0010704373713497823
4.7047965774513943E-4
7.362000033970439E-6
5.5498375221246695E-5
5.41118598147123E-4
6.927670802267916E-4
3.6477998863856687E-4
3.14935230742625E-8
2.0058495719178212E-7
0.0010917019437423842
3.8389018752749434E-6
5.91820427668641E-9
7.381119384623253E-4
9.439438729159416E-4
1.6355727273928848E-4
6.561797108090356E-4
3.0521317525180648E-6
2.7259669546780575E-5
3.996881584359833E-4
4.727881683779096E-5
1.4212327924538487E-4
7.226770553060046E-5
3.809238828252833E-4
4.4371389431258507E-4
8.032444799648079E-5
3.8231911953860693E-4
1.0989628120889682E-4
5.185207243154003E-4
1.156311574180543E-4
2.076749565566721E-8
5.039711842275835E-5
1.6881748022770379E-6
3.035256716774221E-7
1.938673701586636E-4
2.539629616250694E-4
0.0
1.1756672959405546E-5
2.2619008145589253E-5
1.5626735120241177E-4
2.562791963404711E-4
1.643947418937037E-4
8.081573145136838E-5
1.1778248808357265E-5
9.302269420419393E-5
2.3810698674433078E-4
4.86669062214958E-8
1.0099934232241495E-4
0.0010544750144049636
1.0019817034446217E-4
4.5327290863326835E-4
6.6661932779383E-5
1.317575542048633E-4
1.388042645066054E-4
9.930695941655916E-9
3.078909511265048E-5
1.3011853503817894E-4
7.830907975504027E-4
8.805953349847532E-7
1.188811008648018E-4
7.636400052070168E-5
1.6019564504523322E-7
9.958464496205809E-4
2.2362692434666504E-4
8.037210853668165E-4
6.259081144006334E-4
5.159093864171607E-8
4.303240318063313E-5
4.776789903525266E-4
1.4847259443530106E-4
1.3686727286510576E-7
3.1110896649255655E-4
2.543890077246863E-6
1.2668377498484218E-5
4.608924048470007E-5
0.0012624130906717741
7.206190445479459E-6
3.385186776287378E-5
7.936281179812793E-6
1.1446683897483853E-5
4.552395711336642E-6
1.6313644772134064E-7
9.930695941655916E-9
2.5415257598188606E-5
3.251259010993606E-6
7.012720592015092E-4
6.462238511456707E-8
6.087448628587403E-6
0.0011335789423546668
6.83961589304848E-4
8.565275599891261E-4
3.8399862851486806E-4
0.0011634816287975909
4.735308915762484E-5
1.2535757399157673E-7
1.1307397688964788E-6
2.833880860729922E-4
1.3094311210640474E-4
6.5634395903785496E-6
8.807367177737289E-4
4.103534345134329E-5
3.556934221281775E-4
4.180696110872066E-4
6.0261808912675176E-5
6.428808816476766E-5
1.219147160950487E-4
1.0022731727906304E-4
9.45749000732611E-4
7.821988311565612E-4
1.8110686718580894E-4
3.1561494761708493E-4
4.7084502658743607E-5
7.4321387842844375E-6
4.741331066416493E-4
1.3103170820139016E-5
2.2667537220691575E-8
7.244938844195796E-4
8.577660936266177E-4
5.576136755747247E-6
1.0933137493288995E-6
2.691970118195843E-4
6.0194806338214E-5
3.9739233964442407E-4
7.937908758621913E-8
3.82153009248977E-4
1.1225269289879416E-6
2.1434881601076953E-5
2.9000034202643314E-8
5.742422473850244E-6
1.1553083645292743E-4
1.1179512643012744E-5
1.0569314855328147E-4
6.573306859081337E-4
1.1824937779454682E-5
3.965560512620838E-4
2.1649241298569774E-5
3.3280185135811435E-4
1.4518949487246857E-6
1.416104862295917E-5
8.470222776095299E-8
4.114777647546231E-6
1.757906134567998E-4
7.814645028059504E-8
1.0259096177907106E-4
2.9188843508169053E-8
8.248159756229315E-4
7.365948609049891E-4
3.940007394399119E-6
8.395404471221656E-5
0.0011266829477117898
8.903946195459295E-5
6.340587811681394E-7
1.9312606231333163E-5
1.408440046970084E-4
2.1714874019696522E-7
3.899481729521305E-6
1.454345426950265E-4
4.2501220948641444E-4
5.299606353927637E-5
8.750115906946502E-4
3.1038659453862597E-4
2.900628742173907E-4
3.494646973668771E-4
3.384198072484772E-4
6.329816797000493E-5
2.963893256498281E-6
1.2411135597011346E-4
1.522875979168486E-4
4.137788830153426E-4
1.0717270071355263E-4
1.66287271512136E-4
8.417986233121607E-5
3.362032176333579E-8
1.6511972336865604E-7
1.7670269473750264E-6
5.249863219591669E-5
1.5014723768592094E-4
5.335407306909851E-5
1.0152070689851352E-4
2.0148498464082894E-5
6.46147835785275E-4
3.559202983322146E-4
9.88262803271753E-5
9.497402230267952E-6
7.880122950450266E-6
2.6241271474223664E-8
5.008541028355605E-5
9.847755801207657E-4
1.6689884837286832E-6
5.50843549537923E-4
4.706979108007513E-8
1.932251280902675E-5
7.432138784284434E-6
0.00121405072841827
2.0856396635478993E-5
3.706634103585261E-5
6.304608591751379E-5
3.661146280871006E-5
1.9738460060565563E-7
1.5766657938134587E-4
1.2602196195308162E-4
6.241615117437618E-8
3.494605896864928E-4
1.825215784485836E-4
1.6225481325011379E-4
4.430494509398651E-7
1.9229719489590924E-5
2.961761145982115E-4
5.660568562715174E-6
1.5051030424746652E-4
7.246716365167863E-5
2.966308752792446E-5
1.1527196345283162E-4
4.1157574687741824E-5
4.990009329058532E-4
0.001038180790307188
6.268472973533254E-5
1.1377317576982083E-4
5.718641146563518E-7
8.572080598783801E-5
5.1023502032281655E-5
5.73664329006796E-4
5.665477709665322E-4
5.946767932469156E-4
2.8531009078540854E-8
2.8953195954997937E-5
1.8271154048322158E-7
8.023794745292248E-5
0.0010450015788224416
7.312620278839571E-4
2.4026643279080872E-4
1.1697705019557354E-5
4.2156699183401397E-7
1.0358698786637168E-4
1.4070953419906937E-6
1.4182905161010678E-5
0.0011430257117161003
9.490108787316594E-5
2.8454476429811445E-4
6.805519726661599E-4
8.818975640048184E-4
4.7311910934347187E-4
4.599333439478591E-4
7.468177787303291E-5
3.1493523074263145E-8
1.251413716970535E-4
1.5921244296903714E-7
4.361578897678416E-7
2.7174267623054222E-5
2.073173795494363E-4
1.570560009821251E-4
7.032680987848581E-5
1.88892333083902E-6
2.596636761226794E-4
6.144675079982867E-4
1.6842069142298381E-6
1.9407891819085251E-4
3.096106748072238E-4
5.664410245037863E-4
2.793043767175339E-4
6.363237336224748E-5
0.0010618382155826646
1.1152761713508612E-4
1.3102995968798624E-5
6.643956199394682E-4
1.6171084077871948E-4
4.0268495799492356E-7
9.018282696502925E-5
4.931899349673866E-8
6.443007471727531E-8
7.736762889943213E-4
9.60822734847981E-6
1.0759348194522434E-5
3.92841721546807E-5
1.2232996230170164E-4
2.0739758996660354E-4
1.926409669348701E-7
2.347402007225848E-4
9.249573060588989E-4
8.157341312521985E-4
4.382692333639239E-6
2.897345102761874E-4
3.239013775980142E-4
1.0933137493289008E-6
3.505577200776862E-4
6.9318697478255566E-6
1.46707243068642E-4
1.72324816355215E-5
1.860436363623321E-5
5.249883625439643E-6
0.001314723755792298
1.0966862043914659E-7
2.62265129419014E-5
9.16999997549503E-5
6.316574963904013E-6
9.447689205389268E-5
1.7156709128035263E-5
7.792236293174554E-6
3.7095456736561633E-5
6.047936941244101E-4
1.0046884017741875E-6
9.39119428116024E-6
3.970945490119545E-5
2.1080719045815774E-4
1.76889413227639E-5
3.9007698261876916E-8
7.970715344567513E-4
9.255065573159482E-4
6.374284649838285E-5
8.211043302705327E-5
7.379297070643574E-5
3.4888832725758973E-4
1.2386234128749309E-4
1.4576831410245797E-4
0.0010744519182864138
4.858858113407313E-4
1.0988108319381523E-7
3.589840754889671E-5
7.729831016545879E-6
9.793717846289114E-7
1.1388941191507317E-4
1.0474242330954975E-6
2.3749498842521628E-4
3.504972658768628E-4
1.9738460060565563E-7
1.8859881823511814E-7
3.1536409119117814E-4
9.180289373556638E-4
3.1961292180771397E-4
5.4418027597179655E-5
1.8705862795228214E-4
6.685707328026367E-4
8.525400191196418E-4
1.5980582978682194E-7
5.055306852908301E-4
1.3518129386731018E-4
2.225707603254728E-5
8.032444799648079E-5
3.2713797181960834E-5
6.664978423964185E-8
2.9016951013129142E-8
0.0
7.593041309974815E-6
5.13611054685304E-5
2.0151826661402884E-6
9.60822734847981E-6
6.0777546953832646E-5
1.538499985210395E-5
3.0679572401674413E-4
6.636898088032466E-5
3.107819314860238E-5
1.6046161984634434E-4
2.6341752531516323E-5
4.3704456587563353E-7
2.004864480336392E-6
8.195491599228276E-4
1.1004731988640443E-4
9.104507252846778E-5
4.36262433548454E-4
1.0325218918105746E-4
4.7492940339735807E-4
3.8572134411858096E-4
2.587562288297197E-4
3.5621697787736934E-8
5.641422131432083E-4
7.006988670630492E-5
0.0011290773374440376
4.666708902843551E-4
3.9295105553646747E-7
5.705431967237683E-4
3.1797640990823255E-4
3.8665826893917644E-4
8.685953950815043E-4
1.467443419158819E-4
4.1186371221731125E-5
1.4189297281373525E-7
9.84680106703466E-5
5.918204276686441E-9
6.800251535439385E-5
8.188893211161279E-5
4.652361719670603E-5
4.5537578930242105E-4
9.187878969361921E-4
8.695042478860253E-6
2.266753722069198E-8
1.538499985210395E-5
2.695422398263236E-4
2.069461058453885E-4
2.1063323307463351E-4
5.676668665254563E-4
5.0181918063241795E-5
8.36516158429713E-4
5.254518629794361E-4
3.498405752158454E-5
7.620434450364377E-5
1.691395521781728E-5
4.34230490809195E-5
9.431961066505664E-4
8.152016241160842E-8
1.2594837140652784E-4
3.2083185759064525E-4
4.0360187553654134E-4
0.0
5.867288381226794E-8
5.853442663924177E-5
1.341528034688341E-6
3.7156887813546884E-6
6.636898088032466E-5
9.838764340781513E-4
1.3458661172984185E-4
7.665729943637708E-6
6.277992705800308E-5
8.225867811775901E-4
0.0010142312095373124
1.5936899811632387E-4
8.666309570148175E-5
5.864545467903749E-5
5.365009799250263E-6
7.170215929461981E-7
3.376598185677515E-5
7.565317845018198E-7
9.052739728367825E-4
7.698997136249165E-5
2.165176560897047E-6
5.498505313368214E-4
5.573313808688464E-7
8.144732093103802E-4
5.463219704316002E-4
4.595697857627843E-4
5.183516455001629E-4
4.367115584659479E-6
6.96351829190026E-6
9.22125039098627E-8
1.4805378491018396E-6
7.458226969180859E-6
1.693775045379718E-5
3.071301468084409E-4
2.842861482641795E-4
1.1697705019557335E-5
2.744949722780458E-4
1.3458989303169764E-4
1.1616541797446293E-4
3.826697691940336E-5
1.47422863903433E-8
2.6302143948866953E-5
4.656304074980711E-5
2.798264088414223E-6
6.125711544122831E-4
6.619611142984796E-8
5.790370727107066E-5
3.876856506021275E-7
3.736520891131669E-5
1.805619732285195E-6
3.785370846978627E-4
1.9498991863188517E-4
8.500844712780749E-5
3.453324639620352E-6
3.858888534824015E-6
3.4146562338357924E-6
0.0011473750931547512
1.2983771687915448E-4
3.3222518298966315E-4
3.9006993069094293E-4
1.211238352712048E-5
5.629369504739848E-4
0.0010893696443516107
2.6122844076185335E-4
1.128462717800817E-4
4.731889554683758E-4
4.1770484067554884E-4
1.6842069142298381E-6
3.89572994769929E-5
6.365800623694775E-7
1.4483954456877762E-8
3.3523656617933967E-4
3.6022766665796417E-6
2.3658751034802295E-4
5.258444255625811E-4
4.965701955168136E-4
9.304276846028413E-7
1.4997826742448522E-4
9.516560804303741E-4
4.968944593674947E-4
4.624852019064908E-6
1.71205428279129E-5
3.319309685410118E-4
1.15591782288257E-6
4.097163429507422E-5
6.657629492352041E-5
3.4596467597763996E-9
3.741732227537213E-5
3.38336867934696E-8
7.064489688880706E-5
5.43668852767138E-5
0.0012169616168993158
0.001004313287209068
3.6549889126103396E-4
4.303303843735477E-4
1.3548900607146095E-5
2.622215081931626E-4
1.1594499394401551E-4
1.3396322834108687E-5
8.707504439067086E-4
4.361578897678416E-7
4.866690622149564E-8
1.1555233147668067E-4
1.5129791954616488E-4
1.2978410107773702E-6
3.563041559201612E-6
1.9711964602278057E-7
1.268946573212786E-7
4.5952248038637567E-4
7.660000873650548E-8
5.031460844867284E-4
4.0034147837062325E-5
6.445176140257551E-4
6.0954038457251414E-5
1.2672624316342914E-4
6.619142475787558E-5
9.405672682323776E-6
2.7681935858138612E-5
6.197445504920445E-4
2.491105777187045E-4
9.743263378982659E-4
8.944624385150775E-5
9.849312153145347E-4
9.000188298019297E-5
4.5683755108759445E-5
2.0344560406903575E-5
4.61835402425917E-5
3.2732743433350176E-8
8.17250464484425E-5
1.9774027002357207E-4
9.03789480142866E-6
2.6620921060920055E-5
0.001374730278233484
0.0
3.614582019201288E-4
2.544824135233346E-4
1.1567058049813296E-6
1.3175755420486327E-4
5.038203714970233E-6
3.1508357531788306E-6
0.0012632797637861636
6.940019775106431E-4
9.745427754031168E-5
1.7624478440204046E-4
3.16634111338115E-6
6.640154529754263E-4
3.615995548456766E-5
2.163913624199233E-4
3.0789095112650496E-5
3.849349694948884E-4
9.566885611529391E-5
4.070864803758738E-5
8.14064885408258E-4
9.845451418836265E-5
9.794034331218459E-7
1.2480168730890593E-4
4.996804604762828E-4
9.455652969082999E-6
1.3328223073127541E-5
1.3533353464479558E-5
5.665335512370328E-4
5.704733132272221E-5
0.0012627178942578175
6.345338176428007E-4
5.583119843322078E-5
4.635317730944785E-8
7.218257169963435E-4
6.23691091021838E-6
2.335397248686737E-5
2.642839394462083E-5
2.9145585480433374E-5
3.2713797181960834E-5
7.547441962253098E-4
3.305453329579998E-4
4.528214966727745E-5
1.2837684570945953E-4
1.2769446957289863E-4
6.439926578096687E-4
5.88589081834762E-4
2.175071669794962E-4
5.29361670682937E-4
9.442383053199007E-5
1.1387204607025823E-7
4.466206051760401E-5
1.6646689809029225E-4
7.936134668141959E-8
1.387907177057275E-7
9.299984842562684E-6
0.0010287245686084257
8.269633787175515E-5
8.871348757374166E-5
5.7953865665983746E-5
5.299606353927637E-5
8.645322511838073E-6
1.1230124476303945E-4
2.16144726047147E-5
2.7456178283426365E-5
6.068188312852925E-4
9.442383053199007E-5
4.082936529976023E-4
5.145836235938601E-4
2.130003434366357E-6
4.229754472102121E-5
2.9133826430145315E-4
6.656081675023876E-5
1.2181424429536026E-4
1.8524724028241655E-6
5.790370727107066E-5
6.955113977428094E-4
2.958719206149195E-5
5.06801145705759E-4
1.9594234580243677E-5
1.1713228384385812E-4
3.4558349195995E-7
9.596729024974822E-8
1.5705484429399074E-4
4.077158361815082E-7
2.9016951013129066E-8
2.3569421167524026E-6
4.164119499313781E-5
7.467215308467615E-5
3.1127523927428096E-4
4.2857811895294855E-4
2.2748401993427867E-4
9.252978231049462E-4
4.529541348691695E-5
4.711897250749437E-7
4.2257397116755657E-5
9.047962943634904E-4
4.194779030345723E-4
1.9525746203094165E-5
1.3124952801993643E-4
4.640093483475735E-5
6.978364764194568E-5
6.509757178270692E-4
0.0010867192770022038
2.438888846047609E-6
8.031565925094297E-5
3.6814789810366857E-4
1.5382126018878212E-4
4.7559378340555414E-5
6.656081675023876E-5
7.001800583848605E-4
6.1860278588309E-4
3.970171800631609E-8
7.745597732108194E-5
2.185692207191852E-4
2.6702668826997293E-4
1.5022138388383472E-5
1.1065722579594874E-5
1.2574812278628795E-6
8.019406945695015E-5
1.3181806308146187E-6
1.2616167023570839E-5
1.5703341539089637E-6
1.0933137493289008E-6
5.633742518789178E-4
2.2735475019736425E-6
5.705671018936475E-4
1.2784683042938363E-4
1.1778248808357223E-5
4.2862585406820697E-4
7.813557747250642E-8
4.5906450419572285E-4
3.0935213059922386E-4
7.936134668141894E-8
1.474228639034331E-8
8.603328726915632E-4
4.940134637400663E-4
1.5260265669474004E-4
1.5671628321425445E-4
1.7049717320930443E-5
2.4165150183772676E-4
2.548798949404187E-4
1.0319481718744124E-4
3.4747374943278666E-5
2.037124568527301E-6
1.1793908203985704E-4
3.1107190623732314E-7
1.3471217379351335E-4
1.0157360474251934E-4
9.175328798227668E-5
1.4487190594717492E-4
9.406417331798866E-5
3.1757103984169277E-4
1.1440887395429468E-5
1.1632811128921804E-4
7.919220745599506E-4
2.1249870576429026E-4
2.266753722069198E-8
2.3418869745870822E-7
2.5095269366826175E-4
8.130118107715694E-6
5.709650111950647E-5
1.443012796192137E-4
1.5592525074700534E-8
1.3277251787126003E-4
1.1463075771219038E-5
2.0157132997618137E-5
6.415290893875732E-6
5.030399174752837E-4
8.070768097712638E-5
5.641348006196471E-4
2.432464117772828E-6
3.134082248633329E-4
4.954074674399449E-5
2.2820847117090828E-5
7.351993398010717E-7
1.666747338927488E-5
1.8773481089314823E-4
6.107868457824515E-5
4.684801780588415E-4
1.964591025751839E-5
0.001211977941377189
1.5010493552600662E-4
7.107711401259916E-4
6.428808816476766E-5
3.6108379417009686E-6
5.824347104423685E-5
6.664978423964201E-8
2.2912672403826073E-4
1.0009634372669413E-4
1.8524724028241668E-6
8.776113444833018E-5
3.930826861268206E-4
1.871736154836799E-7
4.3632224414393776E-6
7.587348280388308E-5
8.290469975282866E-6
7.595610148865094E-4
3.2476156113510864E-5
7.452844165803578E-6
2.211047467630471E-5
4.1629185097551643E-7
7.940224014725578E-4
7.317430869382018E-7
7.887589076844452E-6
1.3289412478086795E-4
5.417717209628859E-4
3.970052830210788E-6
2.138030657380754E-4
8.509852351753848E-4
3.2656655535649417E-4
2.226407442928882E-5
8.66441951003435E-4
1.7211307490277152E-5
6.059848840323472E-4
4.702723756699173E-4
5.4366885276713814E-5
3.4596467597763996E-9
4.432166326885574E-4
6.552925137350689E-4
5.49159909817708E-8
7.017463200773193E-4
8.275378995172432E-4
1.545102445411825E-4
9.04624503475278E-4
4.8686275230128096E-4
4.6408583609857805E-4
9.544843679341568E-5
2.76869822391931E-5
1.0321396085445804E-5
4.885088248700954E-8
2.3979610951165478E-4
8.868020295486537E-4
3.907988976927142E-7
0.0011760914632919582
2.656616747707759E-5
5.847047754045745E-5
7.707618395856839E-4
1.3107239897002985E-4
5.460273844912068E-4
7.419441585698978E-4
1.3388810001921869E-5
4.535248525874368E-4
3.587839681021494E-4
2.3164220629545538E-4
7.087696425808992E-8
1.5592525074700547E-8
5.057979872540136E-6
2.7022627879942E-4
2.6009781297502793E-6
1.0838394984145003E-5
3.4753710460047445E-7
2.326025248429504E-4
1.5814396713377527E-4
1.6711608292362376E-6
4.516992311916732E-4
2.2471137227386348E-4
1.211216356806562E-7
2.0533235809866467E-4
4.04445198029679E-4
8.311739957549201E-4
9.930695941655613E-9
9.746924143570419E-4
3.627206805001591E-4
4.8666906221495554E-8
6.36369239766248E-6
1.2628811724842135E-4
4.252472759903249E-5
2.129302535304507E-4
9.99585065072125E-6
7.977816483141659E-4
1.2770374975688904E-4
1.1454849995553212E-5
5.079932457854704E-4
3.676972135695381E-4
6.594161149397444E-4
1.521060443327652E-5
8.844158487620416E-4
1.9424544027406226E-5
1.0599094685261254E-4
7.721322551837652E-4
2.2915469632577988E-5
1.2938883690125118E-4
4.968248749906937E-4
1.276565708931173E-5
1.3691701695728357E-5
1.1356718182118877E-5
1.4591171619880413E-5
3.3911783766915804E-5
4.32441891670778E-4
9.649175420392358E-7
1.9118881408759448E-7
9.7686784934153E-4
1.814536422424621E-5
4.101700624962731E-4
0.0
4.388308807894121E-7
2.4353310788392308E-4
1.2355419246591234E-5
2.57565586993278E-6
1.0578006430815202E-4
1.6516452356686568E-4
3.087727395505255E-4
1.332955066358157E-5
1.0894422365144185E-4
1.128462717800817E-4
1.0615405213374866E-6
9.615881728382747E-5
5.390014537897621E-4
4.8130289553565173E-4
1.3628855628037277E-4
2.2450238000515268E-4
1.332955066358157E-5
3.141738906979865E-6
8.829561307567563E-6
8.223859638101049E-4
3.954401756083155E-4
1.542004058136075E-6
1.432869325846064E-6
3.5421100426780757E-4
3.4596467597763996E-9
1.2537497360603798E-4
2.478529866339428E-4
7.115694536265813E-4
1.1220519797360832E-4
4.1457201909266857E-4
6.795941466186296E-4
6.84892280643867E-5
9.728957533740567E-4
3.8076554562750474E-4
2.918884350816914E-8
4.269248544783523E-5
1.1440887395429468E-5
2.1854196904039471E-4
9.980920973232234E-7
9.145372891528893E-4
4.276452467187291E-5
4.785306180200557E-8
3.748793808621101E-4
3.1801833107717364E-5
5.5699721251902856E-6
4.758614502836291E-6
4.392619132756082E-4
5.848772692896637E-5
1.4000674298432442E-6
2.3718268823289342E-7
3.706956055705828E-8
4.810866455885088E-4
1.929855399466973E-4
3.736520891131669E-5
0.0010971010640453659
3.4988732569320435E-4
1.3692096616278358E-4
8.658800548043133E-4
4.648127656484606E-4
1.0535012719154379E-5
3.0032984969035904E-4
7.715582070991022E-6
1.7968974804946237E-5
4.517934845439497E-8
1.2574812278628782E-6
4.399117168252351E-4
2.7722533934767494E-4
1.6519294946623154E-5
5.67273698716795E-5
3.6556006619802586E-5
1.065086828894748E-6
3.0977178920211734E-6
2.774248707218491E-5
5.918204276686441E-9
2.8385973311297213E-8
1.619734835999895E-4
1.9069311200045243E-6
7.317430869382043E-7
1.2385344968367178E-5
2.790831481731595E-4
6.38288369557275E-4
0.0010569812292623906
1.4317033582620595E-5
1.1620570506858761E-7
6.606081361590395E-4
7.745597732108194E-5
6.899793125810885E-4
1.0055377997496942E-4
1.5592525074700547E-8
9.069073797175293E-4
4.2952015047807674E-7
6.020503293830244E-8
2.988413831584867E-4
6.636898088032466E-5
8.442813077072149E-8
5.800914117208187E-5
4.7576525566710405E-8
9.75061885523707E-4
6.0856392494676735E-5
4.7593492481767737E-4
4.610594273955391E-6
1.3215474553591403E-4
9.044744242989878E-5
3.2286466434671237E-4
3.1496165526532705E-5
3.107819314860241E-5
5.50411397106329E-5
6.22138396074984E-4
7.957971852798199E-4
6.093740475464116E-4
8.122007077386626E-6
4.232706921373977E-6
1.3610014467956843E-4
1.956120677953113E-8
2.5352112520031006E-6
1.099733960505481E-6
6.0978526392662706E-5
8.568296423018286E-5
6.47470733722063E-5
6.874915546520051E-4
2.1391034816320564E-4
3.6367061275355506E-4
3.46850797204325E-4
7.098521167327124E-5
1.7660051836206094E-4
2.5480947013135696E-4
3.451242667232382E-4
6.729780309668071E-5
1.9851888663762444E-5
4.232891552128505E-4
9.143900332632778E-6
3.0809503383248167E-4
2.541783465189355E-6
4.438069545949399E-4
2.2772583845783638E-5
6.761837200412282E-4
8.903643289931678E-4
7.117288686869765E-5
4.3152885064016456E-8
3.8018461744213495E-6
6.605168070059863E-4
8.288372939323953E-5
3.0547574692651884E-6
3.7087845798029664E-4
1.2978410107773674E-6
2.249407127375086E-4
4.034084790925027E-4
1.0954960242218348E-7
8.222624708000796E-4
1.7722018122859562E-4
9.666605118990293E-4
1.1317324218051136E-4
1.306891971993243E-7
1.9312629806547815E-4
6.895437234054632E-4
5.271580033848251E-4
3.003528914048818E-5
3.4345327497511336E-6
1.920484338750048E-4
4.6469946551158436E-5
1.2056474864991912E-5
6.9871021836548365E-6
9.532340406464243E-5
5.89870341885431E-8
1.5318374894087008E-5
7.623687172383696E-8
1.2102701382321722E-4
3.001639343297148E-4
4.583781489131776E-5
2.977949860226202E-4
9.520567250086369E-7
1.448491362210872E-4
1.7350132614492282E-6
1.6306312675763536E-4
8.439772907701612E-5
2.1313104606434432E-4
1.5921244296903714E-7
1.2254943980908569E-5
1.2784989821512066E-4
2.8249725334791837E-6
2.677515955740239E-4
5.470624899929035E-5
1.4118721070561534E-7
1.6131336090666943E-5
7.892186292908563E-6
1.916930197056261E-6
6.862911706584169E-5
2.5307368558661307E-4
6.373062987785944E-5
4.894497975389756E-4
1.271053247162702E-4
1.429433986064593E-4
1.3286306247251636E-4
5.13304357304579E-4
5.864545467903749E-5
1.997259165924263E-4
5.578582084857584E-4
9.057868287831416E-5
9.442383053199007E-5
1.7982295040951995E-5
2.7324889798285515E-8
4.77412494124932E-8
3.470362047834513E-4
3.4753710460047445E-7
0.001011554672762706
5.302192105315532E-4
7.438904164586863E-5
6.664978423964185E-8
6.00051945597854E-4
9.812398611478396E-8
1.5981198645629866E-4
6.556229872866304E-4
3.054515244240969E-5
4.4648935482152237E-4
1.938588060924594E-5
2.8624254342105914E-7
7.714803572628088E-4
1.772741708591024E-4
3.7685876999065596E-6
6.071822573463587E-4
2.696527002737608E-4
1.8756706355304086E-5
7.998586247159303E-4
4.830095736675773E-4
8.041135394678776E-5
8.148544578882039E-4
1.531735370576435E-5
8.305629259349735E-4
1.3876349875491156E-4
9.27645674169463E-6
1.8071045527201892E-4
2.266753722069198E-8
2.0613183677853646E-4
3.1119331289630506E-5
7.391667701833453E-5
1.1548610975588319E-4
2.0457601393849836E-6
1.1683424999533785E-4
7.415094074893384E-5
1.0631766862859086E-5
4.8298392360596483E-8
4.786502907251317E-4
3.729492373431973E-4
1.1259972868019943E-5
2.8803430383116807E-4
1.418929728137404E-7
1.5751694219023225E-5
1.0614718604726075E-4
3.4603898747024024E-4
4.3239248236632674E-7
8.248255981358724E-5
5.877410981383764E-5
1.3866183063438087E-6
8.583447234814528E-9
4.132105670693436E-4
1.5167688461769042E-5
5.848772692896637E-5
9.80180130716082E-5
3.115952591109381E-4
8.31998214829462E-4
9.600751095756173E-5
0.0011134007819872918
6.135828849272157E-4
1.7979269497460986E-4
5.345311573607183E-4
1.2677664986669298E-4
1.2900037383822182E-4
2.208950713683507E-4
1.2842516966365562E-4
5.104953321983678E-7
1.4483954456877752E-8
6.015906330026505E-6
8.240597595655321E-8
3.615385434282606E-4
1.2040610754895852E-6
6.283716821182566E-4
2.135276693188511E-4
2.948768966752867E-4
3.069621201869174E-6
2.2984334539432482E-4
2.266753722069198E-8
1.0989628120889685E-4
3.836866021697767E-4
3.158826066602674E-4
6.637730334920132E-7
5.485910744387201E-8
4.84523069286694E-6
5.170496801887877E-4
1.6513497202489915E-7
4.5923330012016054E-7
1.8054201080201679E-4
2.5328928240180715E-4
1.5647919696646978E-4
9.057868287831416E-5
1.1822031602545958E-4
8.412154902837341E-7
0.001037819862525193
7.151265299404998E-8
6.664978423964185E-8
1.5786525754827904E-4
6.90215754244478E-5
3.1833631558196877E-4
5.2050532976750724E-5
1.4335418854792516E-6
4.767664445767409E-5
3.8859662959110603E-4
2.1421214782249435E-4
1.0029280297470716E-7
5.6708086017064375E-6
5.046215837019183E-4
2.4714117015598493E-4
2.188884227318124E-6
1.366904374820327E-4
3.6423693139801637E-4
6.431362137200566E-6
1.99758260502798E-6
5.6677461585040675E-6
7.878846849803134E-6
0.0011932759317370303
2.465990902193631E-7
1.2687206987709656E-4
4.3424378964064493E-4
0.0010365703233749018
3.860362053679663E-6
1.0485715936267535E-4
9.355705052941563E-8
4.4068017895128924E-8
4.923317933810763E-4
8.011966045044938E-7
6.987449415367441E-6
6.235576290447936E-7
2.3753338717978525E-4
2.2596447507347128E-4
2.288973630648238E-5
3.4400662652269657E-4
3.6222215184932943E-4
2.1657549069148742E-5
2.5006739494967457E-6
8.177314950144556E-7
9.179653235981603E-5
8.161798947317062E-7
1.2102701382321722E-4
1.0152070689850966E-4
2.3889598323358717E-4
1.257114127345549E-4
2.5736357548907646E-4
3.1508357531788256E-6
5.413351982467907E-5
5.743637722581149E-5
3.188646135309008E-6
9.63744538643056E-5
1.5946481264936659E-4
5.993078154150375E-5
5.54881623468749E-4
5.89870341885431E-8
9.219002603282752E-6
2.3160324514648773E-4
2.1443918088623315E-4
6.031904139596055E-4
3.532124422589814E-5
8.113071025583519E-4
5.078604638553924E-4
1.6758917518572838E-5
3.4216185624258795E-5
9.179653235981603E-5
2.9080504563244936E-4
1.1789033637643982E-6
1.1041685019332411E-6
2.918884350816914E-8
4.0257752215330225E-4
9.490108787316592E-5
3.4191975532296384E-6
2.3813961254707848E-5
5.013531835987128E-4
8.428363757484986E-4
8.503524613770728E-4
5.877601492380127E-4
6.17706461361019E-4
1.867281183560869E-4
1.4483954456877752E-8
2.1229012968103432E-4
1.2759227591854702E-5
1.900073412681239E-5
3.078909511265049E-5
4.655475635792554E-4
2.1422848119332003E-5
3.436450977746911E-6
1.5846201438840605E-4
5.430819275675715E-4
1.5655459853039093E-4
1.2181424429536026E-4
2.2222980923550562E-5
8.510363097419324E-6
3.644099317870947E-6
2.1025752077294467E-4
2.9016951013129023E-8
1.7228502083972946E-7
2.2313009416887742E-6
1.9103321911790777E-7
8.915940215040594E-4
1.7469161238979343E-5
2.6241271474249175E-8
7.385697133757613E-8
8.182962723720035E-7
2.692839703272572E-6
1.874817759944552E-4
4.2967166708136987E-4
1.9229719489590927E-5
1.003362068954292E-4
3.773419626218761E-4
5.74614327071028E-5
1.205566347175623E-6
8.776515085338053E-4
1.1956748096330028E-4
9.606731328520455E-8
1.2978410107773674E-6
2.519739330648954E-4
1.0933137493289008E-6
4.708095520198846E-4
4.580029505257435E-4
4.9137648697432685E-5
6.633629152137365E-5
3.6701031802403984E-7
6.288450065153549E-4
4.231970070394951E-4
1.9621953114358122E-5
3.907395668907316E-4
2.266770122432924E-8
1.3152158174855957E-4
2.3550563606586193E-4
2.425533646306933E-4
5.674336584509367E-4
9.537820023541434E-7
5.89870341885431E-8
3.097717892021171E-6
2.2141253214807448E-4
4.112661429474979E-7
9.419028806527069E-8
6.099025107963161E-5
5.313220595223919E-6
3.4702114591109114E-4
2.5137838065621295E-6
7.317430869382012E-7
2.7410507830709694E-4
5.572790965561589E-5
0.0010604264970287373
1.1397660556613669E-4
4.9726028701094274E-5
5.381723939730797E-5
3.4684626142460304E-4
1.5156666602107055E-4
1.099044604917256E-5
1.7151688081796594E-5
2.5681076329238996E-4
1.544465961883266E-5
2.0608012057139852E-4
6.797592121166701E-4
4.646156390030364E-6
4.915716722588483E-4
8.531800048782494E-4
1.7449119513962196E-8
0.0011935407383359656
3.5886339827182807E-4
8.612776487414183E-4
3.706956055705844E-8
1.6560844773474712E-4
5.9488242913778146E-5
1.3169274524225786E-4
8.362482537804336E-4
5.809298992615271E-4
2.445067994129102E-4
7.214345224029444E-4
1.1009702430292358E-6
3.259134811791257E-4
1.9045966017998091E-4
1.1579916476367686E-4
8.657533997848797E-5
9.177923132466685E-5
1.1696999426814552E-4
1.4483954456877752E-8
4.0845632905390246E-5
2.7405930031065777E-5
3.87404216080672E-4
3.3620321763335894E-8
4.5030886151372713E-8
1.2291171677283555E-4
5.369378334238365E-7
5.094482496061631E-5
5.1377476850345E-4
2.7985133634539426E-4
8.563497529858552E-5
4.494797067692024E-5
6.84892280643867E-5
8.05886948657098E-4
9.915937448978203E-4
5.249863219591669E-5
1.3866183063438087E-6
2.266770122432924E-8
5.898569586866218E-4
2.0990184500437288E-5
2.1201389671136826E-4
2.045760139384985E-6
1.7172682640585532E-7
7.065693664746422E-4
7.092766114963366E-4
1.8326167334585665E-5
2.1901127472494694E-4
3.9283894123237193E-7
2.6905037698385224E-4
1.319963349285575E-4
4.7927574300636465E-8
3.077715054822173E-5
1.5030726871577529E-6
6.549236561837362E-4
7.319306146550867E-5
4.213444412471019E-4
1.7260772925563325E-4
1.0758204709786428E-4
3.3016385002919737E-6
2.266770122432924E-8
0.0011819952771092482
5.661523235573347E-4
3.2973324787916414E-5
8.731824207912104E-5
0.0015283310260549893
2.2490748329296617E-5
1.7634002155618358E-4
3.91495945216825E-4
2.4274222269310242E-5
2.095349086264569E-8
1.7004177883223452E-4
5.653853868665909E-4
8.262054164743482E-5
7.299294502178714E-4
7.058873289406848E-5
3.92690152159894E-7
6.754136778869739E-4
4.507795992622092E-8
2.483212099746567E-4
3.175723327615931E-5
9.520567250086369E-7
1.945548545841991E-6
4.330899843347536E-5
1.065086828894747E-6
3.2713797181960834E-5
4.0137376526239225E-4
4.2079960127800684E-4
1.5324743806813933E-6
4.37202328781977E-5
7.650666360211471E-5
8.439099127497255E-4
1.0931775095571963E-4
2.1096254304191572E-5
4.372734988740634E-4
6.311639964956124E-4
8.170500471539157E-5
7.496167791174079E-4
5.064358855561639E-8
6.002911884885833E-4
5.076460655506728E-4
4.4426105036198183E-4
6.946944314496738E-4
2.45152873642713E-4
1.885063126643568E-4
6.94127219385139E-5
3.392509367679886E-4
2.5185990853360082E-5
3.736520891131669E-5
1.474228639034331E-8
2.0186018342084724E-5
7.061116424865155E-4
2.3449453470908796E-4
1.2421539487655295E-4
1.4048345368202853E-4
2.2094629685965455E-6
5.982231847567621E-5
1.1350554817046499E-5
1.9724756734349532E-4
3.616437223228701E-5
1.0922746389754343E-7
5.379268148928288E-4
1.1518932348997618E-5
7.579901175519243E-4
4.4868519454751616E-4
1.1354390565235855E-4
2.3745648436397426E-4
1.6866456750022773E-4
0.0010081351364576627
3.0519300416236467E-4
9.849716617851246E-4
1.891462977039013E-5
2.7912904271019812E-5
7.199385815580477E-5
1.6859331414377247E-5
3.833023945607848E-4
7.523175276831899E-6
4.514579066664286E-5
3.631167047847489E-4
1.7443287820302498E-4
4.082679962146073E-6
3.633321179503088E-4
3.936128936691974E-5
2.0085663893744876E-4
6.385427643227086E-6
8.481900292643281E-4
2.827437543106355E-4
4.446250120538323E-4
6.675593039824386E-6
2.787948352073196E-4
1.43144484216129E-5
9.452441331878013E-5
1.5576798921982157E-5
7.130831966996071E-5
1.13979231879659E-5
7.252708681977245E-8
9.762609297851304E-5
2.4097665306412778E-6
8.693847846984016E-4
6.214617507432788E-4
2.52055471793053E-4
7.402797759350223E-6
5.241444576029063E-5
1.0888656450979674E-4
1.0686517172820544E-4
7.936134668141959E-8
7.017424512408151E-5
3.4596467597763785E-9
6.683515637413076E-8
6.041981255851054E-5
1.8397984160420593E-6
9.081092732062599E-7
2.9000034202643357E-8
1.6666381892064162E-6
8.363882516864653E-5
6.452296661820303E-5
3.832665121562999E-7
1.1093651748747023E-4
5.3940198139583925E-6
0.0010363034907017136
1.067499669812535E-4
6.759839190879331E-5
4.14179799246066E-8
6.637730334920121E-7
3.953760575438628E-7
5.5976819437881336E-8
3.2198073728301566E-5
2.957845137264539E-4
2.3533633807795666E-4
2.637637981666462E-5
3.7818047421401836E-4
9.497402230269078E-6
1.2839741372078304E-4
5.147943962825118E-6
2.5496568408552432E-5
4.752471128316803E-6
3.9007698261876916E-8
1.9803489889846967E-6
1.2723459613049215E-5
4.174360904909048E-6
2.1869885117745732E-4
8.825675004555632E-5
4.61585118431112E-4
2.5293976812654285E-7
8.726471115014989E-7
4.3047044645190483E-7
3.8384750120776826E-7
5.299694112236549E-4
2.016685973352104E-5
1.0217821961521506E-4
6.7243970532171764E-6
6.924343192542455E-4
6.729780309668071E-5
2.3116935802855266E-8
5.568367040835476E-5
6.809306062207533E-6
1.985980827796047E-5
4.729300177927182E-4
3.990947016928755E-4
4.1141924814790194E-7
7.078005359146495E-4
2.5018625488998114E-5
2.8624254342105914E-7
1.4674434191588192E-4
1.463707147073664E-4
7.925373311531767E-4
2.142150364482019E-4
6.3158911552416205E-6
5.383336619572782E-4
8.417986233121606E-5
3.8384750120776826E-7
3.902521499709408E-4
1.6171084077871948E-4
4.0846296138831594E-8
2.5352112520030917E-6
0.0
5.017960257175328E-7
4.155279939023408E-8
8.182594814623401E-8
7.478127216720158E-5
3.4114100140434565E-4
1.846847538706326E-4
1.608398298307387E-5
8.354946319027993E-6
1.874817759944552E-4
1.0567056928588938E-4
7.94603589287868E-5
2.880343038311681E-4
9.04645399266399E-4
9.532042009896594E-4
3.365210661405242E-4
5.047412959605007E-4
5.695364121210804E-6
2.587737469744529E-6
3.397326591848623E-5
3.8384750120776826E-7
3.564621243997709E-5
2.0076127209648592E-5
7.741094963762723E-8
2.3398705052601957E-4
2.9732749082691303E-6
1.836430874201283E-6
6.053558116049024E-5
6.469282766271388E-4
2.429412930434517E-4
1.588820175181292E-5
5.217336240972332E-4
7.077876560967183E-4
2.3068163250695772E-4
3.1234547109491276E-4
2.4171930689307933E-4
0.0011349442447092168
3.516477796774436E-4
7.370459045680036E-4
4.972857244226127E-6
4.4340403457947815E-6
4.352849839823022E-6
1.168077128924982E-7
2.8395016073608454E-7
0.001023041842191594
9.129091482122054E-5
1.8545980968540294E-4
2.8971882351640205E-4
6.730997228461343E-4
3.006008438784452E-4
5.008901616706778E-4
1.6786013783323683E-4
2.5123435482045733E-4
5.08953550365356E-4
1.4281421110075776E-4
1.500385506401932E-4
9.707939058047593E-5
8.015745181594558E-7
2.3725484259099324E-4
9.242804400461868E-5
0.0010258616170753492
1.3175755420486332E-4
9.442383053199007E-5
6.324655513262189E-4
7.880450624359646E-4
5.45853451541906E-5
1.1648864973383137E-5
7.535371217100624E-4
7.096482157661759E-4
1.3433816545759625E-7
6.266623451452642E-5
2.0933117350604034E-4
1.2074075738932922E-4
1.292542934176062E-6
9.638406033043855E-6
7.726762266844305E-4
7.196267052439947E-5
2.9010920584543124E-5
1.3659087349454412E-5
5.699051985126739E-4
7.842813034286851E-5
8.583447234814528E-9
3.8424567606021727E-4
4.311465464597966E-6
9.323690040963289E-6
7.020144586204341E-4
7.972963152425789E-5
5.131097821416825E-4
3.141738906979857E-6
1.6965289686206588E-4
1.2839791613179565E-4
2.6754048601218533E-4
2.5656630715004483E-4
8.570682569910154E-4
5.3904918472859126E-5
2.076749565566717E-8
1.4036497674360631E-5
5.565947763582504E-4
1.828525613461545E-4
2.6848806289818433E-6
3.23282332933449E-5
8.940997804112317E-5
7.936134668141959E-8
1.035425977623645E-4
9.140412723332585E-7
9.962509708250097E-8
8.913648047930824E-4
7.249336110340572E-5
3.954438686557546E-4
4.654208264026662E-5
3.7482396432940874E-4
4.929300401782743E-4
6.967444865996187E-5
8.243786736043906E-5
9.267881256310949E-5
5.9371560418295515E-5
4.0656044407801116E-4
4.311508622618674E-7
1.617033182232263E-7
8.942999762383962E-6
8.472976379807258E-8
3.474737494327867E-5
1.720677892102647E-4
5.52284344920476E-5
7.066950317911597E-5
3.956526175436131E-4
4.0747487947202023E-4
4.216958400828625E-4
8.805953349847508E-7
1.5592525074700547E-8
2.649037386906592E-7
1.0569314855328147E-4
1.499810789681347E-4
2.2867867420193466E-4
4.0842960507611077E-4
3.235723024632424E-4
5.7540964450977585E-5
1.3461668313294045E-7
3.342025054174854E-6
1.7597173051645257E-5
1.2071839104141595E-5
3.168653881972974E-8
1.3665330275913181E-5
1.8432449543725587E-4
4.120582103982091E-4
1.9561206779531103E-8
9.044744242989878E-5
2.4557221443167574E-5
6.524300443391E-4
2.5931950964502105E-4
7.432138784284428E-6
1.4104928653259558E-4
1.8035340137874285E-6
1.0173463463933777E-4
4.6639743727630947E-4
4.849574159698548E-4
2.000858346695742E-5
2.743860530438631E-5
7.468177787303291E-5
1.5858116854229495E-5
9.627730592291289E-4
8.687981881096922E-5
3.4753710460047445E-7
2.7577441623693718E-6
7.417428918618387E-4
9.884459740404094E-4
6.845957034249915E-4
1.3733364764881066E-5
3.089927247408351E-4
1.0732150909378256E-4
9.337550998472785E-4
3.7112438807080527E-7
1.6703733406104622E-4
5.4048470061381104E-5
3.907137195457824E-6
9.183979603188339E-4
1.941157446244287E-4
6.664978423964185E-8
7.132311497872753E-7
1.0493067126365185E-4
1.1697302371669692E-4
2.51462309298582E-4
2.7826385883503976E-4
2.696709209280498E-4
9.755015850598653E-8
7.921907623356547E-7
2.3107162632338806E-6
2.5446813692324403E-6
4.996436751773183E-4
3.929510555364673E-7
1.309431121064047E-4
3.5811931787151194E-5
5.240339967422273E-4
3.9248158844625437E-4
5.012970635244137E-5
5.159093864171575E-8
1.5270696176548744E-4
1.585446556159505E-5
1.2748304222134167E-4
0.0010160016334993967
1.7232481635521525E-5
1.838661924751588E-4
9.213975812562126E-7
2.0418622820806846E-4
2.2815786466342387E-7
1.5065201531390306E-6
1.9946245997062853E-4
3.3312783832674523E-8
6.055964156437564E-7
1.3849959543078607E-7
2.713821575338417E-4
1.1075018113082846E-4
1.0363140617980427E-4
2.57241132005517E-4
1.5420040581360745E-6
9.213975812562126E-7
7.724270509051373E-6
8.214998377192874E-7
3.2970691281372595E-4
1.8349720353535726E-4
1.556704270813317E-4
2.080878819336599E-7
1.3665086846261287E-5
5.063369087264171E-4
1.96377465102009E-4
1.6491484376559182E-6
3.584260491597255E-4
1.0472898636721271E-4
8.503268552084236E-4
3.294714947109509E-5
4.557602332629249E-6
4.3930966843094675E-7
2.1558996168784727E-4
0.0013281028875863975
5.474972966382167E-4
2.1251571639637203E-4
6.019480633821399E-5
6.724305954163072E-5
8.213484254875925E-4
3.4297069287808345E-6
8.644832828399297E-4
0.0017175117141046967
9.123650442166974E-6
2.4604223831137775E-5
3.0358682281826074E-4
1.3070896685286139E-5
3.2441402710355884E-8
1.5178701395058872E-4
5.940695465014505E-4
3.2869442056690095E-5
6.949857976156248E-4
7.853621585989281E-5
4.4802932627482446E-5
1.5128743373305138E-4
1.110891715130346E-4
3.590974428870568E-5
7.216273659668132E-5
4.532779336400595E-5
0.0012779167937087175
1.293639424449443E-4
1.3309056717335823E-4
1.2442866952618961E-5
2.24214839837126E-4
4.4802932627482446E-5
3.7493825460628534E-4
0.0011183777085491944
6.249176495592451E-7
2.4599857015822303E-4
9.039272149110206E-5
1.3721229865951511E-4
1.33879175537032E-5
0.0010355906787669427
1.2370371349212117E-4
2.3110838522861403E-4
7.166198517857855E-4
5.52284344920476E-5
2.1112033636015178E-4
2.6241271474249175E-8
1.3099774001937577E-4
1.995031502948887E-8
4.142182623060193E-7
3.434898607664717E-5
7.000755607226894E-8
3.2512590109936186E-6
1.56306410631838E-4
4.162856804772069E-4
6.239691298549891E-4
8.634158168075097E-4
1.0201154512873643E-4
5.64520880834823E-4
8.250159892833009E-4
1.6498691417921286E-5
1.5215199467415713E-5
1.3121379089049795E-4
7.182875739229076E-5
7.169408564384917E-5
1.569007718841857E-4
1.418929728137404E-7
1.3126839095781E-6
1.4782589131042252E-4
2.4779082776077365E-5
4.2840820393643064E-4
6.304608591751379E-5
5.838774878090979E-5
6.724305954163072E-5
0.0010851819290777053
9.073867679492626E-7
7.249766193284563E-4
1.341528034688342E-6
6.304608591751379E-5
1.4340757272722097E-5
9.398749981724663E-4
1.0539379071794174E-4
2.2094629685965455E-6
8.837831191346655E-4
3.937235774493601E-4
3.5555333526780233E-4
2.0470227219727245E-4
5.335407306909527E-5
5.584259206251339E-6
6.894454307754479E-4
0.0
6.014763047815406E-4
0.0015168057741654108
1.1296011776539848E-4
1.3118697807316002E-4
6.8143829311552065E-6
5.144101282545426E-4
7.329520318376542E-4
8.16901575099639E-4
8.510077604837747E-6
9.112270884321481E-5
1.6622840455014348E-5
2.4617423469700368E-5
2.7067300683839894E-5
8.417986233121606E-5
1.6131336090666943E-5
2.196270622115626E-4
4.2158279903406476E-4
4.252472759903249E-5
0.0012778485432910704
3.1385897547100925E-6
8.881117277137773E-6
6.161117461796737E-5
2.6268490569723155E-6
9.930695941655635E-9
4.5269920347978986E-4
3.7861459234437704E-4
2.2040607085374705E-4
1.2891008762825424E-5
2.9569783208877303E-4
5.1907246497662185E-6
3.414935209682767E-4
1.2382479537837135E-7
4.83456566623759E-4
5.385068795397173E-4
9.285417419124545E-4
0.0013914343668192288
1.6457019594234043E-4
2.886057867306086E-4
0.0010104600325020717
2.2089577917063367E-4
5.492158550790386E-8
3.9269015215989417E-7
5.459719641343129E-4
1.4572426755921158E-7
2.9974826391902287E-6
2.3888041321712877E-4
2.099851536783775E-4
5.173780617962659E-7
2.1436037826623503E-5
3.191573259973412E-4
4.6340904437775014E-4
6.725645077805375E-4
3.078909511265049E-5
1.6718206284537074E-4
2.009684391303096E-4
0.0011837570472803805
8.962816693488442E-4
1.9537247708845845E-4
1.427376527296475E-4
4.009629983606671E-4
7.118552856629452E-4
1.7679591678001198E-4
1.315578274993121E-4
1.2783788332876417E-4
4.4039817582470055E-4
1.3859245647622327E-4
7.619983158254247E-5
2.2814767278014935E-6
4.3936049394311034E-4
2.790364564389648E-4
2.4014603647999044E-4
3.5811931787151194E-5
7.2267150559884E-4
8.58115148629656E-7
0.001183624068168371
2.719975166193205E-4
7.447823007858583E-8
9.419720287867593E-4
4.4947970676920246E-5
1.935414198442393E-4
2.0957782495608596E-4
1.2102701382321722E-4
2.106055157841629E-5
1.1463075771219043E-5
5.162619920150682E-4
4.3320621011170185E-4
3.2404927027254714E-5
1.4722527960818306E-4
5.568367040835476E-5
7.10694008680715E-5
1.3186091045145295E-4
8.827602149846205E-5
1.3248587980405042E-4
6.706860033721305E-4
7.027924637855851E-6
1.123336496418314E-4
5.545666568617814E-4
3.4984057521584524E-5
6.608224669021933E-4
2.028321778632087E-4
1.4604159014594296E-5
1.4108524058451186E-4
9.866283057312617E-5
1.5224663129040783E-5
5.918204276686441E-9
2.065435241714107E-4
1.1433488224856107E-4
6.593244640543796E-4
0.0010948885548544187
6.606718306641258E-5
5.062438376260455E-5
3.0548245022786145E-5
1.1344032977221173E-4
4.968185157505718E-4
9.560572807087142E-6
4.117432521979742E-4
4.1990775669908156E-5
0.0010241281615041122
1.8636767785068994E-4
1.643551988850206E-4
1.1623257376555562E-4
9.928343074212814E-6
1.0016486914578117E-4
7.489382038013063E-5
5.52284344920476E-5
4.4876047353961543E-4
1.0207073119131477E-7
1.0604151581507304E-4
6.376914542253293E-6
7.056098781487405E-7
2.0516290362846906E-4
4.007255702829639E-5
3.1621953495753955E-4
2.4574217859132026E-5
4.109486999416531E-4
2.576203532969946E-4
2.297686055463799E-4
4.8029759714585287E-4
1.4596959595181854E-4
7.950465185246472E-5
5.096568286724744E-7
5.8051639624980006E-5
1.440964671143234E-4
4.909086596959071E-7
1.2256199201229767E-4
1.56744588616137E-4
9.256775480226096E-5
2.3472333427330215E-5
7.58744387716655E-5
7.271126253083278E-4
2.4119200672026244E-4
4.6317910863206334E-4
9.299741175723951E-5
1.5608998796473014E-4
1.4791885891010382E-5
9.729928682931808E-4
1.0848184818480925E-4
0.0012327077804184217
1.0400432358666105E-4
1.4548707395550112E-4
3.0566021694072756E-4
1.0567056928588935E-4
6.283669935376954E-4
8.775090463829412E-5
6.286158647663461E-5
0.0010594665535540238
1.3816079933227742E-4
6.084897986497016E-4
4.539004236288929E-5
1.1001104063320729E-5
1.6816861512863762E-4
8.721652827265242E-4
7.032680987848581E-5
2.040098694235408E-5
2.383095575414251E-6
7.275181563585986E-4
1.7834205759953918E-6
9.347900602528763E-5
1.9611108550104648E-5
8.190604255946761E-5
1.4361586385812943E-5
1.2455089817674174E-4
8.93235897966236E-6
6.347919780656843E-5
1.7378127164078357E-4
7.95558546205291E-4
2.08988836775417E-5
3.5241804111246966E-5
2.7318968239378138E-6
1.4489735909214833E-4
6.606351075142817E-4
3.9872981785162554E-5
3.756260612368359E-4
1.7861284251362213E-4
5.208244425703908E-8
3.6409751707038775E-5
3.833336113783005E-5
2.001907500117226E-6
1.938876915650862E-4
7.93628117981278E-6
7.378191029671903E-4
7.367324752563382E-5
1.999370343264529E-4
4.207551425428471E-4
4.644829998506374E-4
4.2532976708190954E-5
1.5872218669671102E-5
2.3705315049744995E-6
1.4827156127631857E-7
1.0118935805716238E-6
1.4483954456877724E-8
2.7853285698558944E-4
2.0914687630544163E-4
2.3070260451984266E-4
1.9932660730686762E-5
2.061903599631299E-5
1.5420040581360739E-6
7.226702130735003E-5
9.99535629151395E-8
1.1426914194724398E-7
1.690050722312334E-6
0.0010026154501530252
1.1861404888013944E-4
3.788665961638609E-4
3.9283350987195157E-7
7.603554774740605E-4
7.958336424426116E-8
1.8837150497626626E-4
3.4068549385915476E-4
1.3637435640370147E-5
2.6241271474249175E-8
1.7779547598509678E-4
3.633652483016918E-8
1.2929474280549038E-5
1.045756910176788E-4
4.866690622149564E-8
1.959525059470819E-5
1.8859881823511814E-7
6.300686475588876E-7
3.4712867004498487E-4
3.550504644215611E-5
1.2352437524857644E-5
1.3126839095781012E-6
2.588308750379464E-8
1.1667757820198493E-4
5.2790414789584795E-5
8.022679378473404E-6
8.438386754310304E-8
2.2400004131098775E-4
2.076749565566715E-8
9.482530099237385E-5
3.529888803673022E-6
6.073972295084749E-4
6.610397639907136E-4
2.3130075528690164E-6
1.1887081257651178E-4
1.0215244807209422E-4
2.9480898232940558E-5
2.8341978039957695E-6
3.963558779915604E-7
9.000877634655124E-5
1.4873492765535582E-6
1.055542999999308E-4
9.60683524027574E-6
5.872819401276301E-4
1.557235553387662E-7
6.754586518028678E-4
1.065086828894745E-6
9.416001596440176E-5
2.9214681544810375E-4
9.813501188193412E-6
3.328614775571972E-4
3.2851090480683597E-4
0.001345707838024883
6.373062987785944E-5
2.3968429266275085E-4
8.821828953823262E-6
7.151265299404998E-8
1.6484203683969734E-6
1.3329550663581617E-5
4.660373683593467E-4
2.2850423824777526E-5
1.3856996748217628E-4
9.698226064708334E-5
2.2460794835983284E-5
1.953013831802181E-4
2.3077231474458556E-4
1.9271042796897362E-4
6.3952600186227E-8
1.7129950734488935E-4
2.197422308192089E-6
8.10896970552771E-5
2.0217443429880488E-4
8.604279214839046E-6
2.0377269681235474E-4
5.409527350302124E-6
8.689606398086239E-7
6.290668466546278E-5
1.1016677493339301E-4
5.190724649766198E-6
5.557143931155606E-4
5.91820427668641E-9
8.113290728880009E-8
2.504458447075253E-4
6.310876438661198E-4
1.283768457094595E-4
4.5377923354832175E-7
1.7670269473750238E-6
1.3747367827189827E-6
5.718641146563524E-7
4.655525358896019E-5
4.4536590666009686E-4
5.558263623340976E-4
8.941106238970584E-5
8.124639454471843E-4
5.339678163171056E-4
6.354741910508768E-8
7.385697133757613E-8
5.604746152433188E-8
1.6711608292362382E-6
1.1733442803165348E-4
7.936134668141959E-8
1.805525827782834E-4
4.7650740117898525E-4
0.0012389704389376716
4.212050085883942E-4
2.6104794877788515E-6
1.6478083945337088E-5
4.460593667974454E-4
4.403753319948303E-7
9.520567250086369E-7
3.2784706826516866E-6
4.9726028701094274E-5
2.4568262188827026E-4
1.6440585318343864E-5
1.7449119513962117E-8
1.591888846064327E-5
2.4277908923947046E-4
2.3538731860443243E-6
1.258654787627017E-6
4.7597764520178215E-5
1.1705692605247674E-4
1.0865782869857722E-4
9.044744242989878E-5
1.7979269497460986E-4
9.287860918427407E-4
1.6404213526663182E-6
5.713433622430503E-6
3.928389412323722E-7
6.664978423964234E-8
6.633797801655463E-4
5.578576913147489E-6
1.0615405213374866E-6
5.313220595223919E-6
3.950739338290275E-6
2.823847769192294E-5
2.8782762231378994E-6
3.9295105553646747E-7
3.9295105553646747E-7
1.5538093800185844E-4
7.971983727653768E-7
1.9986934580945722E-5
4.268948078748444E-6
1.043333749262336E-5
6.388571494986906E-4
5.010001074370667E-4
1.8890307679072216E-5
2.3116935802855266E-8
6.135766148393973E-5
2.509863194185201E-7
2.781066694010715E-5
4.608330600825966E-8
8.819198265775333E-4
6.127549317484581E-5
8.522634127722497E-7
5.804273076302499E-5
3.581783485736615E-5
3.977726798849596E-5
9.805361941486092E-5
9.42560851336131E-5
1.317575542048633E-4
1.1936594122020638E-4
1.0099934232241499E-4
1.8020972759639857E-4
1.7350132614492335E-6
1.3415280346883418E-6
6.913274671740323E-5
6.787195302344892E-6
1.0705222290128766E-6
1.8981515774400433E-5
9.010723876021203E-4
1.3723826183977106E-4
7.566030901768809E-4
6.310250425998957E-5
2.3001450994065671E-4
2.26675372206919E-8
2.138047641574807E-5
2.1159088594128268E-4
2.8966176250827373E-4
5.329090966819102E-5
1.3450641816747466E-4
5.386956059752275E-4
2.80198276373836E-5
2.3030211226372462E-4
7.570419587378703E-4
2.4846547988276445E-4
6.283241106614973E-5
2.4706556621062085E-4
5.629162083053362E-4
5.670201261340722E-4
1.0217821961521506E-4
2.9123914810721545E-4
1.3459642290678656E-4
4.3947766546186527E-4
8.436960531880015E-5
2.4438910649274215E-5
5.685434529755285E-5
8.744910167467344E-7
2.7267620124657384E-4
3.6338713841329494E-4
3.807971263762293E-6
7.624132497718091E-6
2.2735136548329157E-4
7.408876065702176E-6
1.6216038390121914E-4
9.29921867489168E-6
8.805953349847508E-7
1.474228639034331E-8
2.922375679757222E-4
6.075019512468304E-8
2.0721011832089504E-4
1.063070964580324E-6
6.211443328951109E-4
1.3610014467956843E-4
1.922971948959093E-5
1.2250440114781812E-4
5.821059876952628E-4
5.3530353947228064E-5
2.5018166941307197E-5
5.566736054712786E-5
1.8697099758831893E-5
1.678509149965487E-7
1.0978681632414914E-4
5.665863870387946E-5
4.80403649231575E-4
2.5971501808822703E-4
3.4604737167918805E-5
1.4708091474683936E-5
8.558671023960177E-4
1.09134668073704E-4
3.5972873400419655E-6
7.878126186253951E-4
7.317430869382024E-7
1.33564674134934E-4
3.5093930239265867E-6
1.3823401022628881E-5
7.5185313735121E-5
6.360805924566925E-5
2.2207301789590046E-4
1.1640224336971233E-5
6.85245471882091E-5
8.990746805854775E-6
6.867202661511224E-8
2.26675372206919E-8
6.569400665047985E-4
1.5654136436144517E-5
1.0319481718744124E-4
2.8620781176668053E-4
8.548448648950123E-4
2.2632583389179786E-6
8.46370690766355E-5
2.902570509488715E-4
1.7353812504849482E-4
2.7357635969953804E-6
2.5744480586210725E-4
1.0883740069789376E-4
6.474971341379814E-5
1.302082868275093E-4
5.641864182944094E-4
1.7446919070720663E-7
1.685028852857472E-4
1.312435394751777E-4
2.3750869372771787E-4
3.7527199275053624E-6
1.0235596469728335E-4
3.28145800769482E-7
3.080137642427866E-5
1.0550002279645972E-7
1.5011619173276462E-4
9.973019542657077E-6
2.4295044861225883E-4
1.4272430420718667E-4
9.520643189648048E-4
1.403982273648834E-4
1.8911613913590665E-4
3.060247994818674E-4
1.088468515260513E-5
6.246677370572569E-4
4.2561829769076814E-6
1.3509258288551943E-5
1.7353812504849482E-4
5.779264168280481E-4
4.7084502658743546E-5
6.042110857119677E-4
1.4871675187301793E-6
1.2837466908595089E-5
9.792263810372867E-4
0.0012394321274529145
4.884096968882692E-7
1.9496700767411985E-4
2.014790346892109E-6
1.6711608292362378E-6
1.717127155140655E-6
1.4700982278883522E-4
5.78819953444288E-5
2.5754061370475E-6
9.286456955343039E-7
5.115670286643635E-5
2.770397199427118E-5
5.466080308420839E-5
6.253380667936619E-5
2.564173597350748E-7
0.0
3.5507994327143986E-6
8.112749201606289E-8
6.321563730273409E-4
4.0156128117798203E-4
6.739093810396345E-4
3.138672455791602E-4
7.456300148981442E-6
5.5828153162597414E-5
6.305133634311151E-6
4.7323135157193396E-4
1.37264754774029E-4
7.121762727404209E-4
3.3213793026076787E-4
1.6171084077871948E-4
5.8238093916323E-4
9.862956024490026E-5
5.857952041156194E-7
1.4160010458743107E-6
1.9487220467612968E-5
2.8473070978604108E-5
6.229888931540156E-4
1.3184545339902721E-5
3.813366150824377E-6
1.596916406772772E-4
7.6212148513217545E-6
7.290131095398243E-4
6.176415177959573E-5
2.076749565566724E-8
9.047742714827065E-6
2.7038448966622676E-4
1.7165760363728173E-4
1.982142316040229E-4
6.297365013454458E-4
7.216251730054611E-7
0.001137534829357867
3.149352307426217E-8
2.2667701224329078E-8
1.2245516526771305E-5
4.998012056166318E-7
1.2442843088554558E-4
6.107868457824515E-5
1.2294285510744125E-4
9.537820023541434E-7
6.964059087134941E-4
1.0944428197263015E-4
3.29417590755548E-6
2.9060932577491934E-6
6.698384691668478E-5
4.646156390030359E-6
6.200759650688956E-7
3.6303307940004705E-4
1.1620570506858891E-7
1.5862082576286528E-4
1.1816172596483865E-4
4.230745892976548E-5
6.186657136347466E-4
5.606037198309881E-4
7.066950317911595E-5
3.927103072623453E-5
5.8711842137452106E-5
1.1387204607025839E-7
6.797009254414313E-4
6.636898088032466E-5
3.063545242923485E-4
3.2713797181960834E-5
1.0089433085789329E-4
3.928389412323717E-7
7.842813034286853E-5
2.1177767056098306E-4
5.158580982716433E-4
5.962639294665031E-8
5.167685252754286E-5
0.0010201622507407184
2.28897363064824E-5
0.0010062506648009775
5.0541740463024915E-6
6.979088968612235E-4
6.237589966301837E-7
3.7156887813546935E-6
9.32017553266418E-8
5.848495858457827E-4
6.293330491589943E-4
1.2536317025444468E-4
1.7769323638824227E-4
4.2985428917908436E-7
4.897727865205845E-4
4.826763865377583E-4
4.3343135938266264E-4
4.171233025564446E-4
2.9691929377832577E-5
6.974101876744101E-6
4.6392928917908284E-6
5.00104433480533E-7
2.9016951013129066E-8
8.794040434712494E-4
2.4228748175992605E-5
1.4601182038695397E-6
1.8090906315457829E-4
1.9457173438689845E-4
1.6390717137052728E-6
4.55191000674539E-5
1.4483954456877703E-8
9.03363690997384E-5
1.0184696170563757E-4
9.647489460343154E-4
3.8111569153133297E-4
3.168653881973006E-8
3.116624313400991E-5
0.0012817229373282381
3.0436710109631903E-4
6.268472973533254E-5
9.45244133187801E-5
8.429359168939546E-4
6.147003438545001E-6
1.5366953385667776E-6
1.0106329385307098E-5
3.2172678030810707E-4
0.001140459241554576
3.0502003725391635E-4
2.1415612880438208E-4
2.975039209187789E-6
2.8372290123999223E-6
1.0138391785546198E-4
1.0990473914545606E-4
6.947665686475275E-5
8.815803898323637E-4
1.533273802365748E-4
9.310531873303226E-4
2.095349086264569E-8
4.221378971686592E-7
3.706634103585277E-5
1.2667306326636182E-4
7.710449841051571E-5
0.0010079038970213301
8.721876123080556E-4
1.2083528307761897E-5
2.940722857638003E-5
1.1620570506858761E-7
8.952347799473477E-7
5.718641146563524E-7
6.028899020594093E-4
1.0429500425252969E-6
7.44737402714684E-4
8.668776119307189E-4
6.605601774467423E-5
9.583847730925821E-4
0.0011757020337450023
4.318285631958587E-6
5.569095177142216E-5
3.3356577795120584E-5
1.1225269289879372E-6
1.9678714919619167E-4
4.952564937816521E-4
1.279811354558771E-7
6.0167090788560706E-5
4.3458463376879733E-4
1.327175897562317E-4
0.001011650951744463
1.627263990729167E-5
6.97284605842333E-5
4.246806413199814E-4
3.254347310619593E-4
3.496698705863112E-5
1.1468827463715552E-4
1.318705484614549E-5
2.500673949496738E-6
4.5785046053715425E-4
5.463818638920393E-4
9.20150110235103E-5
1.474228639034331E-8
8.961077625744415E-4
1.303863433531153E-4
1.864558671237017E-4
1.1620570506858761E-7
0.0
2.6618145084030134E-4
3.297807984496802E-4
4.7012939249661643E-7
3.376598185677511E-5
4.075679565919855E-4
4.3657987872869063E-7
2.306427773888477E-5
3.75467239184877E-6
1.3918633858514212E-6
5.918204276686391E-9
7.203150799192045E-5
7.350455713665399E-4
4.24382410019409E-4
1.4685776577429407E-4
1.7370261825837766E-5
6.76506456659821E-5
1.1745319248411188E-4
4.8082985218404805E-8
7.246459946371409E-4
1.336177844001632E-4
2.9188843508169053E-8
7.087696425808995E-8
1.7735957147715177E-4
1.5384999852103876E-5
2.3080018863468036E-4
7.235847070877988E-4
1.841231081220526E-5
9.45244133187801E-5
2.0859657400231654E-4
7.219120178374263E-5
5.365131888989466E-5
2.1395202814290085E-4
1.5318374894086984E-5
5.374682560527124E-5
4.955607138422317E-4
3.573554331799559E-5
3.139779745804489E-4
3.0588660059334877E-4
8.541383956759415E-5
1.1175334670527598E-5
9.247120687089012E-5
3.964856774152486E-6
1.2777256423137883E-4
0.0011448040844210773
4.900284722249401E-5
1.806744591101267E-5
1.2106960197968206E-4
3.970171800631544E-8
1.2685432661285948E-4
7.803704742248467E-4
1.7667715068151355E-4
1.076863842416626E-5
5.7727163275618664E-5
1.7878637269487855E-5
0.001258142866228747
3.16634111338115E-6
1.2997743485165627E-5
1.3201716949212073E-4
1.0393454382445758E-7
2.249450496666624E-6
5.850017975752284E-7
8.02819335030673E-4
1.653654956568109E-4
6.5569825305234325E-6
4.706141492389604E-4
9.774320041441426E-4
6.99779462680538E-6
2.235111210027652E-6
1.6666381892064175E-6
9.565383655285862E-5
4.6972596972167687E-5
1.915267409374488E-5
4.5528800611558805E-4
8.937960691535293E-4
1.1547713578193605E-4
1.4970960666340497E-7
1.1229199637081887E-4
3.7617594024393994E-5
9.660830703230661E-5
3.4469742979716415E-4
2.208247940919212E-5
4.785306180200541E-8
4.0967891994364894E-4
3.1336669273732685E-4
8.514457733255676E-7
2.704545161416846E-4
9.2782154230065E-5
2.8004060973053387E-5
1.19224600015111E-6
2.9000034202643232E-8
7.385697133757597E-8
2.052003463332248E-4
5.725683321192761E-8
1.1663687572524318E-4
7.192444367435409E-5
1.214002385123529E-6
4.533271481253288E-5
1.1620570506858761E-7
2.3550563606586185E-4
7.715582070991016E-6
3.898773798596043E-5
3.139807144559905E-4
1.90993382982518E-6
7.162172919182257E-4
1.0565279043933896E-5
2.095349086264569E-8
4.1119578338754835E-4
1.02206482811804E-4
6.526842237223649E-4
2.1879023157186816E-5
9.382513370851234E-5
1.7118652325805542E-7
2.6532266644217843E-6
1.3561475470205817E-7
1.4748302104983935E-4
1.9201210525602924E-4
1.9449486681558416E-5
3.808065524453073E-6
1.2531011260898998E-4
8.032444799648079E-5
1.4483954456877724E-8
1.1397508889570421E-5
1.6828685240662557E-6
4.2040673735409446E-5
2.3116935802855266E-8
6.380826050786268E-4
3.8384750120776726E-7
8.302185287069854E-4
7.060841899447322E-5
1.2007819775176845E-6
6.558472796458847E-6
5.877410981383764E-5
1.0650868288947449E-6
3.9488162560615865E-4
1.9228939911125764E-5
1.8028699006032433E-7
1.0354260609639203E-4
1.104114132681133E-4
3.4706131849865417E-4
1.4483954456877724E-8
6.336991358127004E-4
2.836029757975362E-7
2.433261806824106E-7
2.037124568527303E-6
1.8326703292227765E-6
2.3116935802855266E-8
8.678315184419607E-5
5.999182709690797E-4
6.39341477193274E-4
1.2932834674999741E-5
1.5377499407985039E-4
9.429877944089255E-4
5.3368042368181544E-8
0.0013343984485635733
7.185938808869447E-4
6.935034523071275E-8
2.770397199427118E-5
0.0010456616262400954
3.032403685009833E-4
3.144766043159445E-5
1.250579885689687E-7
2.6241271474249095E-8
1.1869266165286139E-5
2.3420297881555745E-5
7.284245576650305E-5
0.001161368592394159
7.84370947726081E-4
3.140159527674739E-4
4.3477772597693467E-4
1.4483954456877724E-8
4.69608482096472E-4
1.4483954456877724E-8
4.1890624380849805E-4
5.93685467674977E-4
1.3216686738083788E-4
4.178587678551865E-4
7.468177787303291E-5
1.730521877508491E-4
5.479503610277302E-4
1.4963737101830862E-4
1.1600548099473426E-7
2.4336004764637047E-4
1.7725731540749948E-6
2.977686088541776E-4
3.3312783832674523E-8
1.0363140617980423E-4
6.374284649838285E-5
1.2574812278628782E-6
2.089818355533043E-4
1.7449119513962117E-8
4.1888307536394793E-4
8.914634388552413E-5
8.616235790047607E-5
6.484248525570087E-5
6.374284649838285E-5
9.083621875356467E-5
4.8082985218404785E-8
7.503540789661764E-4
2.0615746309717332E-4
6.772317787722043E-6
2.7174267623054222E-5
6.118412916033303E-7
0.0015372663031208197
5.963756150178818E-4
3.380937837871207E-4
6.580776753617169E-8
1.1072336358948049E-5
1.735269573757086E-4
5.170431102245527E-5
1.9968996554107398E-4
5.039711842275835E-5
2.3440012054949066E-5
4.959427046975597E-4
2.7799277830798613E-5
1.3050931106443935E-4
6.637730334920123E-7
7.798680828070405E-4
5.566022445957837E-4
4.8082985218404785E-8
8.229791083061902E-5
9.639170383823179E-5
4.812984236229764E-4
2.220295123814854E-5
1.3740735066851958E-6
2.07664350094875E-4
7.317430869382043E-7
7.110331815637973E-5
0.001339951293616752
3.120058036385045E-5
9.537820023541434E-7
8.304933297495819E-5
2.708983748336491E-4
2.946797591181257E-4
1.1937421635382778E-5
8.494696222419452E-6
1.6801334230192613E-6
6.525993542663389E-8
1.485530418789538E-4
4.063223552613309E-4
5.062604762147937E-4
3.951259421715797E-5
5.167685252754286E-5
4.925530052909303E-4
4.965011703654484E-4
1.474228639034331E-8
6.107868457824515E-5
2.3122634580148663E-4
2.097001636070175E-4
3.554416371627411E-4
9.537820023541434E-7
5.336656341056449E-5
2.0296429900834104E-7
8.41734716628866E-4
9.862956024490024E-5
1.522875979168486E-4
4.2149144518960254E-5
2.7653916897601875E-5
8.662940531851847E-5
1.911394926356156E-4
3.6759228547002183E-4
1.3378748311748863E-4
2.1083820006247364E-4
1.0645965726730424E-4
1.2792451575571506E-5
9.930234756609848E-4
5.937822174810468E-4
2.853100907854081E-8
2.266378138256285E-4
1.9239299920410965E-5
3.0541532564477456E-4
2.2338909924092937E-8
5.336804236818156E-8
4.7809637724287833E-4
6.184149360256012E-4
6.9214698629117495E-6
1.4393745890127341E-4
7.478700455830751E-5
4.0238900450062085E-5
4.0846296138831594E-8
7.019259931756548E-4
3.8507837157561025E-4
1.752722473976474E-5
6.665541180735896E-5
9.477236194259865E-8
1.2603773798811367E-4
8.411392915171984E-5
3.815413817007524E-7
5.2694553659743365E-5
3.846748876391515E-5
2.5354241762698556E-4
9.31545957168659E-4
1.0152070689850966E-4
1.0569314855328147E-4
3.6040926202131686E-7
7.363520502329933E-4
9.268708781185522E-4
8.317891353999165E-4
4.350528248938941E-6
1.0642187937628732E-5
2.791739796271942E-4
3.977726798849596E-5
2.608168986097717E-4
3.907988976927142E-7
1.5213939956396446E-4
0.0011228420721922224
3.4417829825553843E-4
6.291525514561538E-4
7.006988670630491E-5
3.155148841709664E-4
6.967444865996187E-5
5.983990683393232E-4
1.3054404077708284E-4
4.155279939023408E-8
6.042562576030313E-8
6.392113517174649E-4
7.32850754134609E-5
2.078618908432876E-8
3.9283894123237135E-7
8.359856093177435E-4
0.0011099869711966807
1.9830160489371935E-4
2.2060414214419816E-4
2.3417620391733568E-4
3.9283894123237135E-7
1.8873643946989953E-5
3.1996864864523147E-6
0.0011714248081517963
8.737474097713415E-5
8.739209934821991E-5
1.6073553112686974E-4
7.921293313530932E-5
2.55957516949213E-6
1.1997218712671314E-4
6.206111067705169E-5
1.466325455458165E-4
5.781984270967976E-4
1.0065108132936968E-6
2.6977208813472118E-5
3.361396371432018E-4
8.77934791242131E-5
2.2667701224329078E-8
7.621214851321752E-6
9.80536194148609E-5
6.8649873995494695E-6
9.648603582489456E-4
3.111019336092023E-5
2.004864480336403E-6
1.6747510428476511E-4
2.20991207457927E-6
3.547517786503884E-4
8.76151223523105E-5
6.526425779372532E-4
1.0274164133733147E-4
1.8652119744595137E-5
6.37254789072318E-5
8.96132995727093E-6
2.6611591888610423E-4
3.951259421715798E-5
2.42564078558504E-4
8.26235923000164E-4
7.40538657294924E-5
9.300725700359859E-4
4.93738505096894E-6
4.0385337869039806E-6
1.1770057833833183E-4
4.196949625504033E-4
3.3874727948370416E-7
3.1650595760013793E-4
1.6875551754390845E-4
5.598422632842978E-5
1.7830402604773057E-5
6.92250939005067E-8
9.434584222564872E-6
2.005336814858303E-4
3.878688097200507E-5
1.3685218848172E-4
6.524651980697283E-4
1.000764110864145E-6
5.715919896681305E-4
9.45244133187801E-5
2.808607418478772E-4
1.1086261345017116E-7
1.1514515140759734E-4
3.835147235685636E-7
3.149352307426217E-8
9.378179174204846E-5
3.152360660128504E-6
1.060170055467777E-7
1.2142339643897459E-5
3.9913403669716776E-4
3.519446071826577E-5
8.390009906868038E-4
8.821828953823242E-6
3.068099314483495E-5
1.3972425655497354E-7
6.164347019345825E-8
1.364729349732037E-6
0.0011322998908871163
1.8403586771383797E-6
0.001222184596677997
9.044744242989883E-5
1.388524842219215E-4
2.0077222561730215E-4
2.4617423469700358E-5
1.724308312058461E-4
7.751429129708359E-5
1.4901650431246028E-4
3.017102727742857E-4
7.087696425809013E-8
1.0238175032061107E-7
3.294020169950977E-5
8.141397926053167E-6
1.2396763570576008E-5
1.5166092704082516E-7
2.477904770425799E-4
4.344671517906939E-4
6.151351636478739E-8
3.92690152159892E-7
7.430336050763592E-8
2.004864480336403E-6
1.0017248094018009E-7
1.1228644276990438E-7
1.0282107018246307E-4
1.7481877538780216E-6
0.0011016172869281362
0.0010879802718975005
6.374284649838285E-5
7.087696425809013E-8
3.3155538573327717E-4
1.3841609272197079E-7
4.866690622149571E-8
3.342071780372484E-4
7.775676182016134E-4
5.466190269106742E-4
6.698384691668475E-5
2.8237570001368636E-4
8.147585694811751E-4
8.198423162543822E-6
8.161798947317062E-7
2.4486580572176115E-4
7.328415381206594E-6
8.735318202913138E-5
3.989178078233992E-5
8.199078776528472E-4
2.3121291969053034E-4
8.032444799648079E-5
6.428808816476767E-5
5.274855160305374E-4
2.3126638151325476E-4
5.131171150398331E-4
1.0638775323197488E-4
2.6540314629962215E-4
4.0983860206124416E-8
5.6467002515883565E-6
7.565918539321827E-6
2.5201786731727214E-4
1.1707701916721619E-4
3.7519910164237057E-4
0.0014806811651025505
2.3116935802855428E-8
5.491961032931786E-4
8.789382435918252E-6
2.5476463568642563E-4
3.354121156918004E-4
1.2956694899325004E-4
5.104435422167904E-6
5.354642378925285E-8
9.435044367764667E-5
4.2894208714277645E-5
2.434957539814156E-4
7.430687022983035E-7
1.4879106655107515E-4
1.1854185618962413E-6
4.8241884896679354E-4
7.570965868628965E-5
2.585945748373735E-7
6.309040952590642E-8
1.784782538548363E-4
9.504930586090105E-4
8.390188107328321E-4
4.8082985218404785E-8
0.0012310293099196683
1.5834991555990237E-4
8.472032911995137E-4
1.0022731727906304E-4
1.344622225026418E-5
3.808065524453073E-6
6.657629492352041E-5
3.558630549462649E-4
9.348911322740692E-8
1.0070949837455399E-4
9.42753657100528E-5
2.450536806491971E-4
6.8250936756377905E-6
9.549808643360722E-4
9.779945071304089E-4
5.5076220220926324E-6
3.1973591908787327E-4
6.651630050794159E-4
2.9009276388611192E-6
3.3356577795120584E-5
2.2407597547094933E-8
6.4606728240893E-4
9.224837829988768E-7
5.7848482101806714E-8
8.522634127722497E-7
1.1839947589975897E-6
9.37213310673933E-5
1.4932661833989654E-4
1.7608099939155975E-4
1.8053400789265318E-4
0.0011206922165213039
2.4025143634708466E-4
8.833256688257481E-8
3.7590390135358576E-4
8.65125077536413E-7
7.142467042629134E-4
2.8249940829361086E-4
6.924926877980939E-4
2.8640640996507223E-5
7.647831828226545E-4
2.413469301997751E-5
8.583447234814449E-9
1.321975158846084E-6
7.11022772090453E-4
1.065086828894745E-6
3.6122194174759276E-7
4.866690622149571E-8
3.835147235685638E-7
5.045461014953109E-4
5.665863870387944E-5
4.0579071092287174E-7
3.4596467597763785E-9
8.797305561418032E-6
3.715789888866124E-8
1.1818106576161034E-4
2.117252576568245E-6
1.1038332097026846E-4
5.209287880949843E-4
8.259952989669091E-4
9.348493022021921E-6
4.110168880672097E-6
1.402668430551878E-7
5.834361874304979E-5
5.709650111950647E-5
8.862234894116871E-4
1.2630415629909807E-5
2.541783465189386E-6
1.2691911107869753E-4
9.206672157658735E-4
1.251145362633794E-6
1.5378512914956572E-4
2.111468024137876E-4
4.668787241673492E-7
2.7032790252708774E-4
1.9075222809910805E-4
1.0419503441846965E-4
3.0394040615465513E-6
2.643970044103366E-4
8.208956507959178E-4
1.827186672959255E-4
8.69071522677782E-8
5.918204276686391E-9
5.918204276686391E-9
2.1496325000634165E-4
8.821828953823242E-6
9.213975812562119E-7
6.551540236260896E-4
1.1070581328352161E-5
2.962247396023622E-4
4.328771856572106E-7
5.300097007457809E-5
1.322322318755678E-4
4.678259083721998E-6
1.6369782404480538E-4
2.3808569267418472E-4
3.076779632778974E-4
4.605155752651002E-4
9.875885858326204E-4
4.3122021729319316E-4
6.341447792490931E-8
1.075214731718139E-4
1.2083129814333265E-4
7.432138784284427E-6
2.5555042068029305E-5
8.503112366623934E-4
6.729573327794792E-6
3.4894271052549134E-4
4.413643939226171E-4
0.0011237619296898414
5.982231847567622E-5
2.529751597876952E-4
2.689719952439205E-6
2.1290944434391548E-7
1.3788104934149937E-7
1.4158340887340795E-5
7.081380754791511E-4
1.3825558923584889E-5
6.827249791168539E-4
1.698920015156209E-4
8.285517191869547E-5
2.3338211041234994E-6
1.4601182038695397E-6
1.2068769774689728E-4
3.715789888866124E-8
7.252708681977212E-8
3.620357191747047E-5
1.070927793593665E-4
3.509721072995998E-7
2.0559818144803588E-5
2.4385532608013733E-6
7.457824653404882E-6
3.4998927952611204E-4
7.682616581640235E-4
4.123094292887005E-6
0.0011463012343295063
7.297917193223723E-4
1.844243288497653E-5
7.682662256057298E-4
6.515260086605525E-8
5.545964992740072E-4
1.0447645107110086E-4
2.445389233690064E-5
3.977726798849596E-5
4.086064101422232E-6
1.582043086068421E-5
5.898665114540541E-4
3.878155431177757E-5
3.999142967351721E-4
2.8979600631230397E-4
3.294020169950977E-5
1.2891372019184442E-4
3.070265812333688E-4
4.544811799364779E-4
6.930799528277184E-5
1.8098187655689614E-4
1.1665786900177202E-4
4.007255702829639E-5
2.0544336868603187E-7
6.977002032932708E-4
9.711284092561305E-8
6.947476235921648E-4
9.29994087344508E-6
5.07237831199229E-4
6.698827830054602E-5
3.9429778750004005E-4
1.9605790524677687E-4
1.6098437307507106E-4
1.371703707268085E-4
2.438826356267671E-5
6.45539842713623E-5
2.918494449180076E-4
5.464971663129335E-4
1.1673716544314527E-5
2.2858395150450892E-4
2.7255583696322214E-6
2.0553440002556213E-4
9.13213378104723E-4
1.4330276610327648E-4
1.065086828894745E-6
6.92750214801356E-4
4.3150316216711764E-4
1.8608338317512608E-5
3.258274054224614E-4
6.983591670017173E-4
1.219754228137503E-4
1.201041677783562E-4
7.483287006249924E-5
1.3332603500424044E-4
9.825093449048967E-6
4.498895424923473E-6
3.414110109699829E-4
3.0262854958093967E-4
7.585087396176254E-5
9.516325853451949E-5
3.890230064626745E-6
5.94701866081255E-4
5.040870907697968E-4
5.989379964942246E-5
4.751797200840234E-4
8.473171245977402E-6
6.299087262056545E-4
4.472393859837033E-6
4.7853061802005736E-8
4.4898014582207813E-4
8.737814528390057E-4
2.3116935802855388E-8
3.81525071617792E-4
3.3708260483101497E-4
1.5513502971084233E-4
0.0010985260163762713
4.0644452508975493E-7
4.694055864573352E-7
8.221249820043496E-5
6.954711178277876E-5
5.5498375221246695E-5
4.569287016422962E-8
1.0539379071794174E-4
1.3795366645991009E-4
1.252968817670143E-5
5.354063631764705E-4
1.240242907242978E-4
1.1004731988640443E-4
1.3675239295020247E-5
3.929510555364672E-7
1.7805704663308752E-5
1.3780807320908382E-5
1.3558757763244925E-4
0.001062501403956926
1.9848692230908067E-4
4.4658575896291335E-7
4.8082985218404785E-8
1.6505085454195884E-4
1.306891971993241E-7
2.3810330642200633E-8
4.994631627882446E-8
3.8646397509136294E-5
9.225569944464335E-5
3.919216718657649E-4
1.087197480450244E-4
1.4704277081277068E-6
5.952497494375877E-7
3.929510555364672E-7
2.54607360867915E-4
2.0229683640610196E-4
2.1640706409630804E-4
4.6935495108773917E-4
7.254318548377247E-4
9.785080133155992E-4
4.472393859837033E-6
5.6354085545433885E-5
2.3810330642200633E-8
2.680762014359235E-6
1.5519423087128264E-4
5.522843449204758E-5
1.1354310964400528E-6
3.454023482279842E-5
6.061970236212751E-6
0.0015060219513071064
1.2074418867342158E-4
6.521010801382933E-5
1.0447645107110086E-4
2.953480960675133E-5
3.362032176333574E-8
2.301792038448366E-5
8.061347725774276E-7
1.7094537015291129E-6
1.808565425122673E-5
3.149352307426217E-8
5.5885125979563025E-6
5.792498321962449E-4
5.963732057887097E-4
8.164800514177675E-4
3.9701136095281574E-8
8.447863391908967E-4
3.109503500238152E-5
9.474018064972991E-5
2.8744581682602683E-6
2.458613056112856E-4
2.003000235968707E-6
2.3372165876385384E-4
5.821302297668558E-6
2.751280296013419E-4
6.622651819755464E-4
2.6529132639299426E-6
1.1286171932190633E-7
1.318705484614548E-5
5.070123825187322E-4
7.923652524883063E-4
6.431362137200565E-6
2.6020248210653E-4
8.795841992194779E-5
1.9290194736499376E-4
4.633364440808192E-7
4.115757468774165E-5
2.1262621493097205E-4
2.9188843508169053E-8
4.866690622149571E-8
1.1045501906766533E-4
5.152589918268679E-4
6.425205273348236E-5
6.428808816476767E-5
3.0044375198627185E-6
2.6553364867927016E-4
2.139059718858453E-6
4.155279939023408E-8
2.809976311816266E-4
7.438250429518956E-4
1.5888189033764414E-4
2.3815725206149653E-4
9.241436266926678E-5
9.643159863458492E-4
5.541682211374979E-4
1.480758439533792E-4
1.7958341758808212E-4
6.753003694513205E-5
1.860732575962289E-4
3.1610523623781133E-4
0.00100416054856918
5.545219511984341E-4
1.419617414433058E-7
2.7456746105785255E-6
6.368008353302607E-4
2.1368150439199244E-6
7.925179904224126E-4
7.369429910361715E-8
3.8384750120776694E-7
2.7547561210411562E-8
1.2326530817570935E-4
3.2541878947464038E-6
2.0121771361176415E-6
4.5555062110464004E-4
1.7819861766435013E-5
1.5255823224699388E-5
1.0869611397502796E-5
1.1398653214624111E-5
2.442230812918103E-7
7.137439547186017E-8
5.201956349471631E-5
5.458207009255904E-4
1.1957172712072992E-4
3.3552498109455236E-4
3.2441402710355845E-8
3.1101279158690006E-5
2.521489455420655E-4
4.800589328133999E-4
1.856606994759148E-5
1.0142216072307641E-4
5.096265109167116E-5
1.0110547833572169E-7
3.0416545380352076E-4
5.778362040431524E-4
2.434309288709766E-6
1.4799520435440685E-4
3.3846167977725006E-5
4.8506740616412983E-4
3.825013550195978E-4
1.4006944981446849E-5
6.719550861688882E-5
2.7525354833126086E-5
7.280272687636174E-5
3.0679153207432194E-4
1.6752877524237408E-4
2.3951250436506823E-4
9.697189340653934E-4
4.961854614099294E-4
1.2085389903420948E-4
5.569095177142216E-5
3.821755706603217E-4
2.4409974995027656E-5
7.256645915334518E-4
2.825743790499576E-4
3.456790048267134E-5
1.2144154307908442E-4
4.598720807383688E-4
6.84892280643867E-5
7.150925871797851E-4
4.9726028701094274E-5
0.0010472157677459007
2.911240158883545E-5
7.402123513778667E-6
5.671305510786154E-4
2.692839703272571E-6
4.176820864895408E-4
5.7607914601956574E-5
1.9229719489590924E-5
3.0604251123016322E-6
5.4279607385917013E-5
1.3122466259857956E-4
1.2847961027906176E-6
4.1885932852248135E-5
1.995031502948883E-8
4.888322793282239E-8
1.3443337479728004E-5
5.225469068692141E-4
4.855129265896872E-4
1.7206817760244782E-4
6.252190119605497E-4
1.3635384279977108E-5
8.135281714789601E-5
6.1657365502566585E-6
8.919505740276238E-4
3.614414586824493E-4
1.3219751588460865E-6
1.299369105471896E-7
8.031704427711767E-7
1.1113597378175846E-7
1.8069786251179967E-6
3.3444033536403133E-4
1.2746276808139428E-4
9.191895519130645E-4
2.0076104379905094E-6
9.407596748692815E-4
6.287633581825167E-4
8.872584820295238E-4
8.989269661214319E-4
5.115670286643633E-5
3.598322598996012E-7
3.009480106002974E-7
3.217297915169264E-8
1.3076383432622833E-7
7.698408932080086E-4
3.017537281279648E-4
3.29471494710951E-5
1.4133407445546676E-4
1.721138578811246E-7
6.314546132018373E-8
1.329021262020407E-4
5.3914553201210165E-8
3.706634103585261E-5
2.1241451112089678E-5
1.4002839555779412E-4
4.4533981073219424E-5
1.1617673391547388E-4
3.95824454604673E-4
5.56012818853216E-4
4.352849839823022E-6
1.5592525074700425E-8
3.536923620913751E-4
8.904355892868711E-5
3.6445481742740604E-4
8.948054907331144E-5
1.4344034308964572E-4
6.96351829190026E-6
1.7703689177092562E-4
3.0070588819740085E-6
6.576691749070819E-4
1.8473451954413388E-4
2.159240572014411E-5
5.334596546821854E-7
1.4700961761502426E-4
2.108110147335461E-5
7.910619995952906E-7
8.764416482525897E-5
4.0293806659167037E-4
6.96064534148668E-4
2.7415425358700394E-6
6.194830227269266E-4
4.190769630006765E-5
2.095158347375601E-5
1.540401615647082E-4
2.696377869763224E-6
4.642244761524548E-6
1.995876110202351E-6
1.2425378712711165E-4
5.927118842686399E-5
3.2192159811685034E-4
1.0753724016159608E-4
1.8949512801608263E-4
5.347301618791935E-7
2.1640834007462554E-7
3.9895898692401244E-4
0.0010742556867024556
9.497402230269082E-6
1.0100367003695723E-4
2.2917698085290185E-4
5.26550475444679E-4
3.434898607664717E-5
2.57941929734114E-4
6.02619990269947E-4
2.198487630590439E-4
1.7821376009332043E-4
3.6669870629733804E-4
4.429717669805245E-6
2.3905269563607542E-5
1.850370059730635E-4
4.778047161473066E-4
1.1198183456725023E-4
2.3401796095099062E-4
4.108737799467796E-6
5.274333716072179E-6
4.120378300530378E-4
1.1192331436016768E-7
1.9295847564771484E-5
1.4313851190358794E-4
3.329439920764668E-4
1.6186153983450505E-4
1.4752869985275093E-4
3.249004494489974E-4
2.751519672671993E-7
2.6206251541606846E-6
9.558712208461607E-6
1.731379815092635E-5
1.177728036886849E-6
1.2073512047278537E-4
6.455453947783474E-8
7.175224196190367E-4
1.1198183456725023E-4
3.0955421391854236E-5
3.593890459046179E-6
1.9950315029488788E-8
9.757678871973177E-8
1.8695911468740252E-5
5.522090402523095E-7
4.063535013516495E-8
3.9269015215989227E-7
1.4685345667498905E-7
6.809732052856424E-4
2.7756901736148673E-6
2.9016951013129023E-8
3.0019254172075985E-4
2.390684364702601E-5
2.435081946294447E-6
2.304331050880038E-4
7.477193794296111E-8
4.8594212897649035E-4
3.0833469607050804E-5
4.806885694326269E-8
1.8084183059910719E-6
1.182359303711863E-4
6.515254909752641E-6
2.046733897873478E-8
4.1906261976145634E-4
2.281634504826451E-4
9.789573466450838E-8
1.6657637358540601E-7
3.8384750120776694E-7
6.800901970856644E-5
6.091670001487333E-4
3.804162507251411E-7
3.787054601300361E-5
8.828296146495119E-5
4.0068487627895576E-4
3.6505350360186166E-5
6.143048279226098E-4
1.2291144688040463E-4
3.7742710977128267E-4
9.571715400788846E-6
3.493446179202321E-4
1.9241692347182244E-6
7.317430869382018E-7
1.0717091954667264E-4
1.9203056093671458E-5
1.0254606851198851E-4
3.966226623349444E-4
2.704998444433118E-6
1.7171008180655324E-6
2.3116935802855428E-8
6.65426272026793E-4
5.45179136224024E-4
1.4742286390343258E-8
1.5193885455745158E-4
2.3299269418316034E-4
2.5593363536642594E-4
5.038203714970242E-6
1.7449119513962196E-8
3.2055459928034984E-6
1.8718082205489874E-6
9.200356109910198E-8
3.6419107816417585E-4
8.18296272372E-7
4.93018352416971E-4
3.090349280478149E-4
9.714212017733696E-4
1.6234095413387103E-4
3.1430494161235697E-5
8.023794745292248E-5
1.8930888433445103E-6
2.266753722069198E-8
1.6842069142298432E-6
3.0255954626502425E-4
2.900003420264316E-8
1.4532816309064277E-6
2.165413022332384E-4
6.848922806438671E-5
8.071643305625677E-5
4.422769395347789E-8
3.6734260953871165E-8
1.0246841556585248E-6
2.940575462623151E-7
1.0011650182050704E-4
1.144169298851617E-4
1.9740155119523373E-7
7.704380557699123E-4
1.4246688809951716E-4
3.4596467597763785E-9
3.5983225989960103E-7
2.4265566760077033E-5
6.350808069001407E-5
3.1164600440287293E-4
1.1391721550658286E-5
7.224031667253458E-5
2.7360065345390268E-5
3.092607820897663E-5
2.3116935802855428E-8
4.253166991517058E-4
6.007026783017978E-6
1.6740230670189113E-4
4.5875250044582753E-5
3.970171800631544E-8
2.922984927781486E-6
9.978391102703341E-5
6.457160827034744E-4
3.855037995691836E-4
9.694018889297569E-5
0.0
3.593890459046179E-6
7.026139501133943E-6
2.5267305485526505E-4
9.406377399302511E-6
1.4384442048774689E-5
3.5833801363219826E-8
2.2378152976192272E-4
5.021339471285984E-5
3.330509673676982E-5
1.0380907003942732E-4
1.361001446795684E-4
1.6101379509324417E-6
1.2089832295173685E-4
1.1705692605247668E-4
8.479843209831541E-4
4.899358438799061E-4
1.7651619619741961E-6
1.5434970296153913E-6
6.664978423964218E-8
2.400321700844602E-4
5.52284344920476E-5
1.7002952040475657E-4
1.055542999999308E-4
9.180336236715928E-6
3.5830781177021074E-5
4.5984638186254183E-4
5.43290655898062E-5
9.846801067034663E-5
1.2487583392759648E-6
3.6494102118603126E-4
2.231300941688772E-6
3.5953835294439855E-4
7.659026563191968E-6
3.530721572207241E-4
2.986832724197065E-4
2.4847626334945414E-4
5.980253351543007E-4
3.7889986387908326E-5
7.489344510426139E-8
2.7824871179593258E-5
6.423056225421141E-5
3.926784176639257E-4
4.7946452119987964E-5
0.001235391392719611
4.758614502836239E-6
1.7042140225103867E-6
7.351993398010678E-7
7.614666151139968E-4
3.604594209739983E-8
8.494696222419447E-6
3.104411979689249E-4
5.772472712931673E-4
1.115450660432104E-5
9.16130339148578E-5
2.7824871179593258E-5
5.382325184333276E-5
1.6637589819763467E-4
2.2204952179273527E-7
8.134213426148968E-8
9.21355622260371E-6
1.4434645196632011E-5
5.71864114656352E-7
2.3698735186371754E-5
2.968214887471031E-7
2.9760386365678955E-4
1.3155002689738699E-4
6.032783286734716E-4
1.2333558993835763E-4
1.1197758994721054E-4
7.023743065167748E-5
5.105622208785406E-4
9.930695941655694E-9
6.656081675023876E-5
2.5370166430718603E-4
1.691185834084265E-8
4.45850043697459E-6
1.7091177853837818E-4
1.9074254286445398E-4
4.7682394047054596E-8
2.357016207443206E-5
3.3368184397486967E-6
2.2818572440877077E-5
4.0181789123468583E-4
9.624221301539598E-4
0.001028148707022582
4.1986693605970156E-4
6.657988654012251E-4
1.0472898636721267E-4
4.2034450672572704E-5
0.001580707254481114
4.973652940255895E-6
8.96358419648494E-4
5.5270044971350155E-5
7.778147671813175E-6
5.909470572520919E-4
1.979152442902901E-4
2.3942012683013744E-4
2.268927290384991E-4
1.2328124782158534E-4
3.43757850153237E-4
1.0766762172032171E-4
1.5450425777179907E-4
1.4692655486242884E-4
1.6881748022770427E-6
4.716506976930186E-5
1.0237148358856135E-4
8.760509412608174E-5
1.346580872835157E-4
1.9890095109442572E-4
5.383561289056654E-6
2.0340452717993087E-5
8.392577478473064E-4
1.2106960197968206E-4
1.8160796352119702E-4
2.2573749451605863E-4
6.800638349689477E-4
7.031938864273377E-6
4.24737764041807E-5
7.468177787303291E-5
2.4061571033834876E-4
3.336202699947479E-4
7.843571388457933E-8
3.068667037053294E-4
8.296739185699028E-4
2.3481412760979304E-5
4.771281598005922E-4
1.4742286390343258E-8
1.11740499350511E-4
7.081845014445847E-7
8.711212523623586E-6
1.0249232909563175E-5
3.38961705785216E-4
4.134177649390164E-6
5.906193589934358E-4
7.651254545392358E-6
1.9102103444509485E-4
2.6241271474249214E-8
1.9678927455779867E-4
8.805953349847508E-7
8.032444799648079E-5
5.7848703728801854E-5
1.0535605534163236E-4
1.9916911975928837E-6
6.405188935568888E-7
3.309882185163192E-4
3.65142100060119E-7
1.0553614615559846E-7
6.651065412493671E-4
4.4802932627482446E-5
2.0332188241841835E-4
3.509965255329122E-4
6.343979539376098E-4
3.4596467597763785E-9
1.9032739181817E-6
3.493947759966644E-4
6.230529157994383E-7
1.1225269289879393E-6
6.34172235129705E-4
7.664091654823729E-5
3.928389412323717E-7
3.9283894123237193E-7
1.7969047741038107E-4
0.0014210743211999137
4.644842727387689E-5
1.6842069142298432E-6
1.2310379201976278E-5
1.1063818696220283E-5
7.24330028620341E-8
7.30143366014E-5
5.898324336586626E-4
6.839262177381737E-6
3.4544089055131425E-4
3.7607953362809766E-6
3.101854717478138E-5
6.776944668120055E-5
5.741028366932441E-4
8.677428090196565E-5
1.0966876009905208E-4
1.3383392671700879E-7
1.3784639970251578E-4
5.976417331177275E-4
1.0894422365144185E-4
1.2452280831016951E-4
1.0129305337679331E-4
4.916647964297413E-7
0.0010771473072697943
6.4754809347506564E-6
1.718499612373177E-4
2.4696903927538566E-4
6.742708934899364E-4
1.6019564504523063E-7
3.5654881427867887E-4
5.693288083925442E-5
5.883660415790871E-4
5.71864114656352E-7
5.344382644352234E-7
2.663460870609078E-4
1.5105211004594633E-4
3.8274826413831433E-4
9.786710373544383E-4
1.3952145609215954E-4
7.627251949468561E-5
2.7563324664202056E-4
2.6529132639299426E-6
5.918204276686401E-9
7.317430869382018E-7
1.0289928204658939E-4
9.374328090835821E-6
2.671869853957274E-4
3.208072124458284E-4
9.092923862460714E-4
1.4184822927209946E-4
0.0010215445083993965
6.568279287607942E-6
1.3774286429086942E-4
3.2876875133010218E-6
2.0457601393849874E-6
8.756031574089616E-4
7.035922708744988E-4
0.0011485800367416427
1.3181806308146123E-6
1.500318423346916E-4
6.548823062955421E-4
1.0840011402147063E-4
2.3157326023792743E-5
1.2574812278628795E-6
4.1251668230771015E-4
1.1658531226510035E-7
4.299054335423669E-7
2.037124568527301E-6
2.9454708607973946E-4
3.2956480330837773E-4
5.566736054712786E-5
5.115670286643633E-5
1.945645980191245E-7
6.949951861602028E-4
1.9968096110131476E-4
8.42313934520065E-4
1.2500352115980574E-7
4.899932843996606E-6
3.48967639434007E-5
3.0643077545485105E-4
2.7589719213717495E-6
1.3146008305925546E-7
7.58948357617288E-5
3.9701136095280284E-8
2.9101021904547244E-7
3.7362858621162767E-4
2.8731163364137575E-4
1.0518285172312847E-5
8.421743856903646E-4
8.018478051768495E-5
1.109472735958829E-4
4.86669062214958E-8
5.790370727107065E-5
6.729780309668073E-5
6.877992958135635E-4
1.8397984160420684E-6
4.913014865646658E-4
1.3251347550803563E-4
8.678315184419608E-5
4.30910779624397E-7
7.43890416458686E-5
1.1456608632596309E-4
1.7622596885776165E-5
5.616443387583045E-5
3.989178078233992E-5
2.204302502586035E-4
3.616437223228705E-5
4.539953067094099E-5
1.2858400206205086E-4
3.10592466104041E-5
5.316471173106835E-6
1.22100194035246E-4
5.853442663924168E-5
5.211876170587051E-5
1.5284511339022416E-4
2.634895785598773E-4
3.3900320023088856E-4
6.276922873891113E-5
7.125410769658978E-4
1.4429073937391337E-4
1.3241231195089681E-5
6.162075102456083E-6
1.9176262465665499E-4
1.4453473727862948E-5
2.924472915091715E-4
4.790296965093677E-4
3.4050121442541584E-4
3.877992754440999E-4
9.379484925122857E-4
4.137794246507308E-6
0.0010605203017253731
6.157780690382186E-5
2.3383036951998583E-5
6.428808816476765E-5
2.92263060852189E-5
1.7375029211969404E-5
4.907927767640246E-5
0.0
0.0012815567383997718
4.709467791287091E-4
4.324270159512001E-6
1.558236325213445E-6
3.989178078233991E-5
2.181880628627255E-4
2.8903171935737333E-5
1.9802524240544665E-7
1.0277437393064906E-5
1.6632913275259922E-4
1.2499941336805982E-4
4.893006905628644E-4
4.182692108387927E-4
3.69672192503978E-5
5.460256099419727E-4
5.177636957969836E-5
5.625840065468857E-4
2.0808437062686317E-4
3.540480209694351E-4
4.924878897770229E-4
9.417039275060451E-5
1.3252582654802863E-6
6.395890785944778E-4
6.858552018673423E-4
7.006988670630491E-5
0.001470011711099234
5.348819944186364E-4
4.2280381981032496E-4
1.486985819274607E-5
4.174360904909048E-6
0.0014923236321540856
6.705734181603656E-4
1.551820811809654E-6
1.088374006978938E-4
1.2485597478770002E-4
2.2499361755874705E-4
4.0999497899880716E-4
1.4581135304037153E-5
5.446341134892544E-5
2.4881671194833043E-4
1.160816900196953E-5
3.0482562526487644E-4
1.5420040581360768E-6
5.465585324142695E-4
8.452087091355822E-7
7.515608885530821E-5
3.118270464872201E-4
4.517284019845736E-4
1.860047793731451E-4
1.0215244807209422E-4
1.1198713330676807E-4
9.507446489803687E-5
4.763247146186099E-4
2.3969883392217298E-6
7.834544244555494E-6
6.398412821800209E-4
3.2942645464409956E-4
1.9916911975928837E-6
8.798482648243911E-4
1.0269455056198683E-4
7.791816893403772E-4
4.6473627613856475E-4
1.2661500706789588E-5
1.9561206779531E-8
4.7586731279075034E-7
6.872725481753651E-7
6.477690642970441E-5
7.965018266310963E-8
5.415451698146621E-6
5.437772231787037E-4
4.209715640296432E-4
5.389227189442281E-5
9.211895995503256E-8
1.797575113620692E-4
3.641979938147219E-4
0.0010467318212606148
1.013797547628782E-5
5.274967144710604E-5
1.0325024993137485E-4
2.4254096946929823E-4
2.2407597547094973E-8
9.638503119519043E-5
4.429606066427694E-7
2.1061814245892086E-5
4.679087138710301E-7
3.8065019573224545E-6
1.4705782572896347E-4
1.0946447813759273E-7
4.496745103968366E-7
2.6478595867704803E-4
1.38069863552841E-5
2.5669458991582855E-4
4.866656226291478E-7
1.1090157458153235E-4
1.7861284251362216E-4
2.2625598977712964E-5
1.0741880957206063E-5
1.405980898166069E-5
5.247850145659759E-4
7.173213267197072E-4
0.0
2.8795934084736423E-4
1.7414517338738112E-5
4.9726028701094274E-5
4.354164577013422E-7
2.094249548128154E-4
3.622918963157462E-6
3.446727158260271E-4
4.78577081970383E-4
8.40032814976072E-6
1.499194744183512E-7
5.855408876348291E-4
1.2131999722598423E-5
3.243607477469531E-4
8.693282770816526E-5
1.1944645844686098E-6
5.380118171727901E-4
2.441288676282124E-4
8.264688236634855E-4
1.9032445128186001E-4
0.0010527517538093246
3.3208798960340346E-4
1.303646074971522E-5
1.2719336278891973E-4
4.2129615287127276E-4
3.8384750120776694E-7
7.839281510424829E-5
1.7800316346394134E-6
7.520608109346447E-8
4.4031315535579684E-7
1.863037056014775E-4
6.695611129639678E-5
1.3115609519086677E-4
9.973116066353666E-5
1.2272615780679384E-4
3.768011589754804E-5
4.354194332704463E-6
6.053558116049024E-5
3.6705804495386324E-4
1.6604713664327588E-4
1.100542798199973E-6
1.1599379105672159E-4
5.498664766520251E-4
7.305619493811398E-4
0.0010305377903107899
2.601613128342051E-4
9.229674340530475E-5
3.071730159309716E-5
3.149352307426217E-8
1.829701849734497E-4
8.417986233121607E-5
3.348311285412057E-4
4.356526453583319E-6
3.081337663221128E-4
1.8321994753212517E-4
1.117348773235624E-4
1.3416871701401826E-5
1.1601807983850722E-5
1.445464701744388E-5
2.4901872088195496E-5
8.368219197790964E-8
8.105895246841555E-5
9.134989282362879E-4
9.217155880178151E-4
2.3340332126624068E-5
7.778147671813175E-6
1.354710644104612E-7
7.289946838438172E-5
2.4274222269310242E-5
1.4994385210839698E-7
2.4187196955721487E-4
4.326169953130409E-5
1.0766762172032171E-4
9.694018889297569E-5
1.0988571614458796E-4
7.419286656501067E-4
4.3233975413077124E-4
5.706034990291164E-4
6.2452375298294E-6
7.908097399228168E-6
4.860600639076984E-4
8.660584393455919E-4
2.538857029212559E-4
6.664978423964185E-8
5.925770010315642E-4
1.69479130940843E-5
1.0203350477652184E-4
3.1974102094535874E-4
3.998394058521915E-5
3.085084319738587E-5
6.150947342995183E-4
2.2332686653554626E-4
1.9681211354380607E-4
1.5985267295220848E-4
1.489717763842373E-4
4.081587721372403E-6
5.479161393063099E-5
2.3949954934467994E-8
5.740060141536661E-5
4.223249641353484E-7
1.967247533061105E-4
6.591287643005734E-4
1.030871735258993E-4
1.57865257548279E-4
2.46372939413413E-4
1.4544162562152988E-5
3.1716931356944673E-4
3.27060892415055E-4
6.53376736286874E-4
9.118139437243469E-4
6.457468454794838E-5
7.802226115940363E-4
2.0786189084328677E-8
3.616251881727022E-4
1.4742286390343258E-8
9.000529139857564E-5
7.032680987848581E-5
1.5420040581360768E-6
4.304143159916248E-4
1.1210898734069724E-4
3.721494512871634E-5
1.5302677480010626E-5
4.936126877945813E-6
8.342634043762038E-4
1.6206469576258267E-7
1.460199809714964E-5
2.2512376516840827E-4
5.292608988218018E-5
5.436839597813646E-4
4.361578897678402E-7
2.3883475404499328E-5
2.879497538306275E-4
2.2969630624994182E-4
5.877410981383764E-5
5.677409200372368E-6
8.171313768485767E-4
6.05579208774782E-5
5.217682656507665E-4
9.494757811901435E-4
0.001104651127537768
6.267120612181363E-4
0.0011778730496232316
9.111065065767507E-8
1.0269455056198685E-4
6.7371451601318286E-6
2.7127614573053343E-5
1.1220519797360832E-4
1.306891971993242E-7
1.0485715936267535E-4
5.289816891629502E-4
2.1019313243160266E-7
7.623687172383824E-8
1.0960672119886614E-4
5.456330209226024E-5
2.522421913512837E-5
5.619181820685189E-4
3.0807889859464515E-5
3.9087369117725123E-7
4.416425261126916E-6
6.934575653994024E-4
9.626666116958984E-6
9.250408182504958E-6
6.129319449767842E-5
4.919633467943477E-6
1.2906147179532421E-5
1.3517140240160779E-5
2.027129230088153E-5
6.656081675023876E-5
2.296040635874638E-5
5.916986489591569E-6
2.81789381646149E-4
1.0360341298309278E-4
1.0694052667797039E-4
8.178501572367531E-4
6.38841923105206E-5
8.172504644844253E-5
4.472467407704445E-6
1.3459642290678656E-4
1.5415410973626608E-5
8.632063596856672E-5
1.233799509387609E-4
2.5752871330677515E-5
9.039841751000664E-5
7.486509360324864E-5
6.303705198223663E-5
3.4422020067246453E-6
1.0799896516433737E-5
3.0034929382773452E-5
8.172504644844253E-5
2.3519394611674495E-4
2.3415976900687688E-7
6.291147490965143E-4
8.181240300320829E-4
3.6156701068096016E-4
1.4619832295125079E-6
8.805953349847508E-7
3.8901325070418994E-5
2.6524525993820166E-4
9.882628032717372E-5
1.7871430311167967E-4
0.0011028869568728817
2.553003469769659E-5
2.276483037992823E-4
6.155946732774163E-5
1.0349407969744811E-5
5.773377025879564E-5
4.316020808656815E-4
0.0010007874172829323
3.754730572699721E-4
3.247949034011193E-8
7.740285276644315E-6
1.033311074788463E-4
6.49656999387777E-4
1.0437393037395287E-4
1.0151100110640963E-4
4.5940859370590417E-4
3.9658150825319714E-7
2.7967907060398446E-5
3.036024206145302E-5
6.769602718564374E-7
7.570664620599688E-4
1.2892158018940175E-4
4.615142793157334E-6
7.422035659967691E-7
1.872828320417651E-4
4.7359186965061865E-4
2.4505482193379955E-5
3.485937499933229E-4
5.331736142592216E-5
2.3597302573479426E-4
4.894441773847018E-8
9.903859468493217E-4
2.5698375775844127E-5
8.3859558163733E-4
7.22346683995324E-4
4.246450213215252E-4
8.110236303822566E-6
2.724567523315714E-4
7.449434664750273E-4
1.8292698452886229E-6
1.9745677020712584E-6
4.4052088325101E-4
6.512914965501639E-5
1.5123997510014809E-5
7.787745353586213E-5
3.983390326310874E-4
1.4487157428568487E-4
1.1493471696668748E-4
7.271775041336742E-5
6.166351188841431E-8
5.216917664236276E-5
5.611762417858656E-4
8.906356911080077E-5
1.114870860990892E-4
2.031347098662696E-6
4.657901345652109E-6
6.055398333153125E-4
3.7715452057028527E-4
3.4524261389456416E-5
6.413317057773097E-5
1.2436064030513732E-4
4.339920717674728E-4
1.361408637621374E-4
1.3042014472835212E-4
6.287965579455594E-5
1.439935722592123E-4
1.931629475861973E-5
1.81443046076332E-4
2.0741768261380272E-4
2.073622384089218E-4
2.989175021536599E-4
8.326836915107836E-5
7.433982100897651E-4
3.3452125169751406E-6
1.8406936108058568E-5
9.086759857650888E-5
2.7535201939616816E-5
1.2694612208796713E-6
3.3940621749548535E-8
5.535657195219202E-7
2.3572917686069566E-4
1.4556137949285372E-4
6.0469780954956495E-6
2.550234851621479E-4
9.712343885771621E-4
4.0226796961129134E-8
1.1811218829387068E-5
6.155946732774163E-5
2.4874069518306546E-5
4.519608594303507E-4
1.0153054679585083E-6
1.665563188481534E-5
7.129148306509107E-5
8.595089521185965E-5
4.329646347714685E-5
6.675270430476984E-4
4.594508640237607E-4
1.496330282474365E-4
4.543640760341769E-4
8.74513708384402E-5
5.244162419423671E-5
0.001001083140622088
0.0012757646967055222
1.8914416651926713E-6
1.7395760729115134E-4
7.657470928516157E-4
1.00086740852025E-5
1.1786641482290096E-5
1.6989011714883677E-6
3.552960855491123E-4
3.3965697622032845E-4
1.2706501638393313E-4
1.0582101923454092E-5
5.289614242320251E-5
4.314338794626671E-6
2.4792527150693883E-6
8.914518385340472E-5
7.66118600650258E-4
6.359874692764486E-4
1.3456540967952545E-5
2.024997133751055E-5
3.2837116059427815E-4
0.0010429327419416905
6.465859657381274E-6
2.856492703498322E-4
8.673246225080788E-5
1.50133572744333E-6
1.0592800032238466E-4
5.469465912211446E-5
7.789088233375712E-6
4.3741987610802194E-4
4.685027674994148E-4
7.742974839003374E-4
1.9193135114851787E-4
1.0783940746489685E-4
4.813582181430648E-4
7.98595432121284E-4
2.294575078275823E-4
7.099681168254456E-5
1.0572673686840154E-4
2.8308422310931386E-4
8.398770696043272E-5
5.386237602314571E-5
1.8235887409197093E-4
5.168137158037334E-4
7.836746422413241E-4
3.688701129259102E-4
3.3550103049886026E-4
5.454427261183661E-4
5.508312534174903E-5
4.966608704152746E-4
6.70492348028124E-5
1.320671708615239E-5
0.0010172632363052159
6.400787713405249E-4
3.219917287479271E-5
2.303542626633259E-5
1.6042273722015923E-4
6.4072532103443E-4
5.830010573065574E-4
2.0240907911796928E-5
2.1889780706713883E-5
3.110139587545963E-5
1.2005540032273727E-5
8.678417316034421E-6
7.582672936705964E-5
0.001178845217625264
4.2477042770719235E-4
7.422096376555198E-4
7.758293314421791E-4
8.203787569888492E-4
8.115307412238314E-5
5.600283436802982E-4
1.6822962101957888E-4
3.048190697373715E-4
7.586957213242E-4
5.6202049627480156E-8
4.964053952703277E-6
8.410458909543383E-4
6.833972759143312E-5
1.6870819377351623E-6
0.0012316752767794464
9.597644272832566E-5
9.297742070055333E-5
2.946692490902576E-8
9.301757135611351E-7
2.2724765275554167E-5
1.157228421477058E-5
1.271482784719334E-4
1.4484220836375398E-5
6.720281731939074E-6
6.216445716972785E-5
9.874978013199099E-6
8.88984745283666E-7
9.79600807810563E-5
3.883396759203114E-5
5.0985784485898355E-5
1.850076028422844E-5
6.695732739177919E-5
4.281611966819894E-6
2.807214229929388E-4
7.225750853959903E-5
1.5058035486437E-4
3.129545145205071E-7
7.251109201662767E-7
1.4209003427937207E-5
5.752504622272678E-4
2.5609108608869326E-4
4.1078274203784634E-6
9.555208105319573E-6
1.4948655891055824E-4
5.7227545938703966E-5
1.1140032174554291E-4
4.6269751046107915E-5
3.438778684617964E-5
7.852249895152298E-6
3.4917611865488754E-5
2.8758237511033064E-4
5.623707763430715E-6
5.955697988471045E-6
1.656988294847702E-4
1.870725510958274E-5
4.941221055462128E-5
7.052471512996457E-4
1.7948327181908924E-4
2.8284129426053904E-4
1.1756522168821286E-4
1.4882735793558679E-8
1.6505905705177184E-4
6.522905702130079E-4
1.672638681038246E-5
2.3832365225262618E-4
5.019007073050614E-4
4.418712728824548E-4
2.1994713905921313E-4
1.103729722777973E-6
2.4493003922086107E-4
1.7002523124626008E-6
4.079010207802619E-4
4.6964821591705824E-4
1.5069541470782902E-7
1.2836686420577319E-5
0.0010679977725315533
1.6560496069209807E-6
2.8463715849598743E-5
2.0007471233938383E-4
5.66001150423644E-4
1.325942605684847E-4
6.488942863913465E-5
0.001013401072642188
1.9055614525899706E-4
1.5867901119793828E-4
1.5871479801434613E-4
7.456911126698915E-4
1.1736751205725194E-4
4.541756292011893E-6
2.1750797841140776E-5
3.166638563868106E-4
4.567859078883061E-5
1.7826515646418597E-6
6.165276468184545E-6
8.136225024742851E-4
6.696827575428094E-5
3.5048994692015036E-4
2.7181708009701327E-4
9.764813858598612E-6
5.16291911676428E-5
4.027182880581004E-5
1.2188536102357645E-4
1.0679904160602371E-6
8.014211796001281E-6
1.9488654246068978E-7
1.5513353976126389E-6
1.7965533713849064E-5
3.4019564699672763E-4
1.9930289870945898E-4
1.141838899052916E-4
1.0515541983260316E-4
1.1794081737038292E-4
7.283948078114017E-4
8.533559398432396E-5
3.272204264573118E-4
6.155083486469083E-4
1.4087059149077864E-4
4.522976907491121E-5
1.0746138670461198E-4
3.3858006554739544E-7
2.4461494556013395E-7
1.9437151219648345E-4
5.535657195219202E-7
9.427348120367358E-6
1.4621942738057852E-8
8.90263471768344E-5
4.8125627744938866E-4
1.7054351244561834E-5
4.154968189890125E-5
6.178892599845751E-4
3.8548731166790096E-4
1.254719139462737E-4
6.157130371551767E-5
9.774028750186895E-5
1.5020859541651452E-4
3.1084252576588404E-5
6.82636617972787E-6
1.6690159322357511E-4
2.0724179264839987E-8
